24 6520 7985 2982 5976 7036 257 968 201 6168 6196 8161 5054 6744 5062 4415 9501 2563 6328 3413 7742 6400 6488 4738 1246
22 262 9670 7992 808 1088 2931 1463 234 57 1069 2715 8536 9173 7898 2008 9908 8047 4147 5363 1824 9572 896
19 9702 9105 577 5473 6942 3336 1001 2861 7949 3192 3819 708 1687 3652 8568 1190 8825 1376 2373
17 2007 4836 6463 6319 8908 3444 8104 597 5425 9779 2199 2622 9018 9445 1026 3107 2727
21 9099 5393 293 8710 3846 650 6534 2951 5359 8982 1126 7657 3959 7646 4849 7763 9159 4927 9103 2395 7785
24 4144 3299 220 1615 720 4032 4880 6601 2402 7771 3300 2525 2940 880 3064 541 1218 8249 6737 3362 6452 3882 9853 9142
24 7904 4772 6863 1776 984 4538 3185 1285 6678 7125 2658 2580 137 594 9525 4103 344 6909 9597 7729 5857 1266 8000 7995
15 2343 124 2496 7117 8004 2173 167 4642 2901 2528 305 828 724 2712 7330
18 5317 8875 4194 9128 8609 5296 7972 4475 990 9555 7577 684 5696 8053 1441 2059 9802 3010
24 4898 2090 1674 3634 1611 1359 1986 5142 6856 1141 5304 9113 9613 9273 943 9148 5167 5367 9081 7262 4482 8210 2052 5945
11 8452 2594 1301 6371 5890 5059 8478 4523 1753 740 1135
30 7329 731 59 7440 4763 1323 9619 3689 4658 1185 6091 937 1461 5516 6222 4961 6434 3726 823 5184 7059 7365 7564 8195 1449 9399 9749 4874 7680 4152
18 6363 3347 7706 8702 2875 7654 658 3106 2406 477 7522 9718 9942 6045 9008 976 3221 8773
37 5864 5419 8050 1084 2888 7328 1360 5258 9364 5670 1127 9319 4117 1810 3525 2809 7938 5591 1276 2779 670 5922 4421 1607 1031 1460 3521 5771 6086 6518 7502 6535 2182 8731 6553 5224 5137
22 2693 3126 1451 8120 7472 8971 1314 2195 2170 7865 7300 7312 5720 8386 7807 7458 2264 770 3841 5285 4588 6857
12 1480 9407 9900 4434 6186 9184 8967 6274 6851 4648 6966 4015
23 5739 210 856 5892 8985 3146 6100 8409 2341 1952 9268 4710 6879 4952 8496 1229 1160 6420 9073 8399 4737 5379 713
17 6072 2449 7199 6266 3601 3437 8600 2374 4304 7731 6133 3808 7406 9403 2589 8227 2546
40 7003 4987 294 5658 950 5858 9130 1977 3785 8771 8530 4428 1662 587 8360 9818 4067 6510 7964 3420 4807 4169 4878 9805 4926 5731 6746 4422 4578 5544 1915 958 3925 6053 2683 848 4437 9528 2917 4818
33 8606 4808 5394 7521 6065 568 5388 2840 382 1085 7078 4257 4110 9727 64 8149 1754 7989 7276 4300 1063 2783 6683 5596 5276 1704 8073 6166 9527 5310 2329 4374 8144
25 7882 5755 7402 5244 2686 5581 3930 3432 8511 5068 8909 2502 5482 1042 6090 2370 2105 5640 4964 9683 2168 5375 4999 4075 2161
32 8070 7341 5403 3545 9190 5006 3218 4805 2924 5548 2165 3883 9937 3093 3800 6179 4601 6224 4704 7385 9461 2151 6868 6173 4106 4875 894 1101 3698 4404 4717 4569
28 2298 6804 3678 265 2684 4380 472 5386 10 110 652 2738 7643 2332 5355 4350 1603 3771 304 7466 87 7927 498 7121 6492 6432 249 4011
40 3905 4021 4424 1873 7017 3750 3124 8320 3009 1916 4509 1187 1013 9945 3053 494 8307 3276 3130 4381 5606 1491 7837 2054 5016 1424 8311 5970 5800 1845 9306 411 9386 7066 4431 2257 4346 307 7768 6114
6 7314 3365 4138 6547 2176 7762
31 2491 7524 620 3109 3657 1906 1643 9705 2256 9263 4419 6743 853 7875 1280 739 8707 4091 3152 495 2178 2810 5313 7824 6357 8919 4770 7872 614 5623 9550
27 2735 1332 115 1521 662 238 4316 5932 3799 7099 1132 6883 6376 3143 1501 6413 8341 4114 4498 9123 179 5592 4334 2217 9654 9349 5872
26 6462 8041 2933 5984 6595 8906 7584 2252 3892 4073 9053 5958 7831 9777 911 8898 7908 2839 9408 2457 6435 6694 1566 6147 9025 7581
38 7028 4203 9966 5155 4984 7598 2456 394 3745 3180 4555 8127 1800 155 8113 5543 8955 3039 2160 6584 1898 1588 3763 5171 2275 1856 6203 4991 6261 700 7649 3538 7748 3355 5665 7912 2172 7779
32 881 3831 4883 3469 8684 3899 5134 8842 9340 699 7873 2009 6481 1926 6886 1098 6220 2981 8932 5493 4335 5374 6650 2401 7739 7077 6025 4919 9174 9860 4044 9584
38 39 816 2703 8601 7999 181 258 2349 9204 2126 1335 9479 7296 9797 3020 932 2422 4706 6655 5893 5531 9259 3511 7112 2770 9480 8212 2578 2101 3984 6233 5545 5638 1928 361 3842 7917 2078
7 9509 6324 1005 8934 2053 4948 6589
20 3187 1322 4983 5883 3623 7176 8872 9171 3257 5578 9933 9668 5607 7682 4047 6997 5566 5376 3684 7273
32 3864 9600 8903 9505 8238 3505 4877 1318 522 5324 3270 7260 2613 8880 4592 5964 6991 5782 8396 6809 7639 8615 8453 5561 9886 3740 1534 9497 6822 7324 8811 243
26 8038 9169 2968 5457 5011 6459 9599 8645 7208 2083 8914 340 4331 2690 4468 4191 8365 9465 8988 2037 182 4038 7467 4734 7773 9765
23 6830 168 4633 256 1055 2451 618 1128 9104 7142 6034 7452 73 6874 758 8198 2154 2710 3147 8986 1658 5204 7156
23 5437 8500 8054 6912 9732 5218 8650 3908 7207 981 2311 3988 5595 8372 2608 2235 9946 7836 1283 7925 1537 5340 253
16 4998 5202 8539 9821 1548 2535 6967 4287 8462 9878 9582 5319 7863 2590 5903 4586
12 6362 1858 5772 5131 4925 6397 1279 1998 788 7891 7309 3696
15 8160 2442 2413 1213 2856 9916 8278 3242 9415 6686 5334 7062 3724 8208 5290
22 8991 8170 1331 2276 4989 6990 1697 8978 5826 2845 9232 2197 4674 7797 9859 1397 8029 9199 3944 8724 8968 1180
35 3134 6788 9355 7665 4365 85 9472 2441 4681 5199 9238 5074 1613 4265 2062 83 8642 5423 1933 5495 329 5177 505 8680 8316 308 5287 2800 7446 5225 2103 6046 7592 9608 5483
8 1817 2480 959 701 1438 2838 3275 492
15 3198 995 3906 2314 852 9720 6393 5842 5889 7232 7537 2353 1699 7206 5230
16 4303 4232 2336 1647 276 9301 9377 8345 8082 8561 1035 1767 1688 4945 3618 3714
14 4996 2542 4869 6428 4321 7291 9040 6248 2246 4638 8697 6476 7270 3631
28 6548 8441 945 2925 4446 2432 3975 6580 4776 2303 2938 1136 1361 4235 6687 9276 862 6895 1012 9594 7751 8517 8466 781 8582 6018 3898 3290
25 8732 4802 6385 8694 28 5780 5190 5438 1193 6632 4683 6408 9394 9891 5718 606 1017 8174 4716 5124 6812 2814 4426 2667 6142
17 9503 8216 7346 4052 1512 2096 349 6155 9616 1562 9089 4060 5344 8894 9793 120 2100
42 9011 4151 132 6592 4552 4535 9941 2127 803 9552 4686 7610 7422 1843 7982 7619 385 5397 8964 6445 7198 1520 6540 2005 7333 7102 1752 1640 3759 649 2776 8560 6027 621 8591 1980 283 7348 5043 3373 6776 8754
13 2881 1453 9828 9906 464 8701 9226 3992 5721 2166 4892 1855 2516
23 9764 7449 5792 4529 8605 4439 4322 3765 212 9678 3339 7342 7651 3643 7981 1696 7848 8952 5734 9606 7051 1833 947
23 7182 2638 2579 7338 4842 3934 5273 1378 8583 9251 864 4239 4093 7905 9001 6473 3668 5233 565 7353 3543 230 5824
12 605 4072 4395 8733 89 9763 1795 1515 2885 2894 8201 7357
23 1107 9437 842 8671 5514 5639 7427 8879 4834 7777 910 9419 9912 7159 7432 6972 9254 8941 9564 8886 9685 7122 822
14 6834 5250 9249 1961 13 7023 1370 8225 4754 4537 126 5263 4302 8581
9 2605 6578 8143 7621 2769 3305 9646 8965 5350
18 6740 694 5102 8061 6098 7482 6644 3498 6457 6852 2358 5456 6626 575 557 4156 7298 4829
11 558 4123 7550 796 9735 3088 3071 6541 1579 1844 7658
13 2288 7713 1695 1238 2668 5211 3706 6127 7317 8350 8590 8405 9680
29 9624 3728 4589 6755 6524 3440 2446 2829 3127 241 8076 6585 3103 105 8035 744 422 7009 4858 5810 2561 2355 3417 4606 9379 5335 695 4804 1880
12 7476 6193 1806 8197 1000 9021 8232 4133 7707 3318 6901 3025
20 6382 7491 4518 5823 917 1560 8006 8700 1011 6593 8024 5104 77 9610 3514 4479 9864 7403 1206 9373
25 6581 8640 5853 9067 1509 5764 4510 9772 2362 7695 342 3949 3509 2462 7553 326 8105 4672 4620 3690 5479 794 6111 2015 5252
24 1773 7241 1099 6840 592 7561 1004 2099 8780 647 2943 2471 9499 1079 2676 2036 2383 3756 1638 8805 4186 7166 1731 3410
21 7280 1991 7120 9729 7248 482 8457 3351 5549 4820 3751 4610 5923 6337 2042 8111 6680 3465 6185 2219 4084
25 8239 4230 1692 5447 8271 7512 7103 2479 611 4490 3193 8235 9255 4274 5264 9475 810 4559 9183 2789 7459 6609 8984 7435 6945
12 2204 8411 8482 2527 62 9459 3848 471 3462 4248 353 6753
25 7347 3475 2087 1832 8471 4486 3169 3752 6903 9981 3663 6134 657 5925 1212 3329 5865 7894 7723 4024 1775 827 6263 6623 9790
21 7966 3191 4478 8765 7617 2200 2823 3017 9952 6981 6389 1625 9229 1827 7421 3471 632 6577 624 1399 4764
34 3508 7930 3599 1306 7776 8698 8092 8358 3167 5501 3884 2273 7740 8549 3742 8067 8020 5547 3687 5621 3968 5081 727 367 2696 22 8725 5926 4526 4121 1174 7668 8888 9879
17 5156 5511 6979 2748 818 8021 4614 791 6368 2887 5913 5293 4233 2892 2146 5196 4228
8 5763 6494 8758 9072 5525 755 3560 5867
10 1721 2254 3805 9055 289 3114 4361 4678 8824 8413
13 2134 2805 285 5603 49 859 1244 8273 5799 1108 1546 8330 5820
16 264 6192 6493 9022 5135 1673 3775 7783 3896 6322 4231 8247 6359 1192 6668 2510
18 7373 7725 2167 6325 6226 1380 6258 152 5962 1905 6713 4416 9044 8147 9890 339 9943 6221
14 8464 7560 6943 4612 4644 9754 1251 7702 3480 8656 4873 4264 7325 5575
23 928 1138 6285 826 1053 4641 4516 3709 7940 747 9139 9546 3587 6702 316 5947 2930 6861 7266 3530 8570 9397 1109
10 2591 5891 3026 9535 1412 3463 7321 80 5539 2772
32 5426 1204 1522 5372 5337 3673 930 6764 9146 9145 468 2356 27 8403 330 9883 8387 9726 6118 5735 3666 9085 90 2749 6775 3699 4454 1264 1710 4166 8317 1159
23 4924 2699 8027 8861 2237 2074 3027 8796 441 9464 9069 6934 2597 1805 4472 5663 5145 4506 6698 1635 916 4520 9672
17 9489 9231 2654 4794 8346 2075 3534 3793 7613 6416 2094 177 2377 6723 7243 5117 9737
23 4301 6630 2524 5768 667 2905 4815 7397 6704 8348 7916 7950 6820 202 3445 3496 8505 37 1402 9205 44 1911 328
32 8721 5995 5769 8963 6789 2308 8366 4026 6965 581 5212 3823 6821 8080 1021 2652 5803 7026 4120 4953 2897 9228 18 2419 5215 113 1838 1052 4929 5703 7801 86
25 4087 5757 1249 2035 8573 5741 847 1866 8081 226 1944 5020 3807 5430 2677 4095 2081 5919 9542 5861 250 3397 8375 1621 476
21 9100 2194 4857 2346 7671 9806 514 4543 4752 9827 4676 6366 6800 5960 9817 1716 6183 6509 2920 2934 7838
25 9897 732 5560 7088 6953 2739 5530 9014 8060 8322 5417 5588 6929 5478 7250 7540 3238 8196 9411 3076 7303 7710 4822 7067 3547
31 5377 733 1954 1436 1793 6141 7942 352 6617 9837 9057 2307 3132 3501 9690 8168 8920 8136 4155 1830 7864 3588 5825 2953 3289 5524 3239 8007 5189 4941 1307
25 9444 1292 547 5680 5133 4923 4222 5399 2260 9849 3041 1503 5066 5339 551 4159 9988 8696 3702 1140 6217 1867 3713 9409 9289
42 5321 634 962 1265 1426 4536 5442 4391 1494 9164 6905 5681 9523 7878 8137 8148 1848 5866 8385 3948 1811 2158 8270 6542 6697 6818 6101 8044 1786 982 5007 9198 6455 1384 696 2340 8146 797 6392 6899 9901 9756
26 6724 50 5966 4130 1329 2912 9743 8571 6384 4553 6705 3112 8822 7437 8922 2862 9510 7510 4464 1842 5533 290 6803 6939 8584 6769
26 134 4517 9330 9581 5236 5934 3990 2625 2672 9137 6273 9387 7974 2556 2277 2025 8693 6431 3644 467 5033 3288 2440 9794 5644 6877
33 3887 9962 6599 3626 4195 6616 6014 4187 6383 4136 6187 4779 4368 2895 2538 5506 4282 8945 3021 4387 7430 5168 3464 6913 7568 6628 5522 8602 6842 7819 9071 1970 3739
36 2787 8739 1362 1468 2743 3524 6706 6029 1137 1151 3068 1705 4950 3955 5723 5844 8793 9679 790 5035 5529 263 9423 6158 1371 5998 736 6286 6182 9320 7169 3378 1870 9317 8190 6023
40 4532 1965 2274 4481 4266 6837 7523 4126 4787 8944 1897 1439 9240 8163 9260 4595 1999 2013 2211 2656 5874 7485 4591 8122 9281 1891 6850 6298 3667 4560 6356 3200 9602 6533 6732 8103 8265 5357 5996 566
20 3491 3338 2989 5154 5829 5814 7876 1645 6572 3080 4364 9639 3466 4252 1857 9734 2874 6437 3768 3613
32 2984 7411 643 7674 734 1411 7052 3853 2627 9650 1205 2318 6537 7527 6194 5079 757 9332 1170 43 4749 7160 1316 8153 420 414 3302 9470 2593 1581 1481 8534
6 613 5821 5662 1473 4796 3559
37 9751 2283 1525 9781 9448 1163 2651 1191 6303 2879 4440 6422 6083 3038 8085 4958 9585 7593 2649 5475 3862 5584 7944 9640 7774 8675 3295 3024 7697 6634 3131 966 8537 2773 2706 8611 3228
38 1071 4856 107 7667 2116 1937 4175 9953 2853 5460 9033 9491 9882 2621 5021 6289 2501 898 2092 4333 7530 8594 5576 2971 7901 1467 7281 3550 9984 2836 9371 2711 4741 1760 1089 940 8459 550
29 4450 3767 2115 5277 2976 4795 7163 1077 9872 518 6288 9417 6302 3069 475 5286 8668 653 4377 6497 3813 7847 925 9696 1859 3171 9511 7936 4280
35 1594 3371 6641 9863 6315 2404 3322 88 5586 9567 4441 9773 9738 5986 6588 4100 9313 7268 2633 1726 7827 3416 1532 3886 4238 1602 7571 919 1241 268 2756 426 213 2342 9200
28 854 5914 8284 8335 8990 4354 4448 774 440 7242 1040 8960 5206 1652 3822 8781 9257 6427 4180 6275 9930 1972 691 7772 5854 8604 1471 9019
24 4184 2286 1221 7664 3735 1614 5587 2801 4761 7454 9530 6620 3789 5608 7956 8442 6611 6897 3348 4452 295 8851 3481 5622
32 7318 5049 3655 2849 2066 1124 5128 3427 6727 2495 8040 3387 9507 6254 9560 8018 2899 1641 4715 8451 754 5840 5165 855 198 4573 9076 7008 1822 2824 7480 3272
27 3311 2420 1507 4352 7926 1851 2202 9532 2963 750 8976 8359 3741 4639 6925 6394 9712 7337 8957 1717 1713 1485 885 1531 6829 317 4157
24 288 7605 9054 5564 4913 3323 9693 3629 7832 6454 9917 9095 3513 4556 4827 9791 8790 4283 1267 3797 6097 4285 9241 6278
22 3265 6807 6304 9825 6262 2131 360 3028 1129 5678 1161 8401 6162 1027 474 6799 5395 4602 9660 4911 4328 3936
41 5625 4901 2243 169 4277 789 4632 9665 3294 1472 4297 2996 6332 1454 6338 5704 372 3605 3651 8456 2827 2816 8055 260 6931 3197 6763 8940 6372 2429 5512 4582 1630 834 4139 1720 9922 8484 8280 1804 2297
13 3962 9566 1240 4625 3174 3179 9206 8207 2364 5528 2960 6517 4390
24 8885 7389 2619 3809 8449 9703 1945 3829 233 8364 2124 9341 6404 7489 5231 6020 2766 65 9628 7416 4312 5521 5409 2114
27 129 8228 4031 4885 4041 7749 193 2634 1496 9189 4079 562 2919 1994 7506 9843 3876 69 8720 5877 697 3424 5099 7137 5628 1090 1478
32 8667 2778 3402 2601 7351 9614 9993 24 5328 150 2973 8970 2847 1701 7090 6241 3961 7022 7119 410 4116 1220 6618 799 5070 6715 1230 5656 8367 7047 4438 3627
26 698 3926 4145 6779 4621 2941 7165 8813 5594 3624 6602 6296 4433 9166 5216 1394 7589 4153 5261 9753 1575 6030 3672 2990 6591 5298
43 3877 8946 4363 5684 6921 9842 1728 8841 8741 6180 356 406 832 2145 1779 121 5413 5677 6828 6213 4893 3144 2855 5616 1366 931 2331 5435 8463 9421 9004 1303 5464 8859 4670 6597 4197 1145 3357 4694 4260 7377 8281
18 723 2061 2544 5948 9374 1663 5632 8578 6910 7265 4358 5106 6867 9847 7934 8678 2828 839
24 1680 2367 1847 5432 6125 8096 4435 586 6983 5957 7141 2555 2233 9792 7709 8839 914 8368 2417 743 5540 3381 7031 3577
21 1725 7701 8915 5356 9428 1959 7746 1966 536 5243 804 5219 7990 6184 1631 2691 4657 6765 5737 5170 4887
33 6169 7839 2443 8237 9744 1227 1802 7039 9517 9264 5455 1600 3517 1168 3711 1533 9299 6647 5783 7034 9484 7784 4089 3885 6479 8431 4458 8300 1679 1418 3250 5508 9167
43 8893 4570 2488 8226 8639 9964 9571 3770 2324 4825 8220 1407 4401 1334 4016 418 8438 7183 2270 8185 2190 4960 8681 8243 3105 8461 9277 1971 3717 3002 12 8141 5004 3716 9215 8634 7738 7782 2345 9267 4418 6438 5012
9 9451 7194 7413 2796 5387 2762 8499 9504 5157
23 5679 2767 3810 0 693 5274 3476 9211 6922 6839 920 8644 5939 1398 5944 4459 4056 9016 3958 3572 6515 2979 1570
29 4029 7843 7212 3195 7765 6995 7332 4753 7569 1153 5488 2659 7830 6223 7857 4843 5775 4816 8512 5498 6551 7902 9642 6334 6247 6015 8580 7760 5087
17 5997 4745 5138 310 1087 571 687 9719 6660 9039 3418 5251 1406 1260 8981 2177 3266
7 3705 2110 4654 299 9563 7468 7310
23 1374 6069 1893 3737 7307 5096 3154 4814 8961 8807 8414 5598 4088 1405 4288 98 2319 1114 876 2218 9976 1198 7600
40 4135 9867 2935 4284 7295 8165 1095 5329 9871 100 3633 4484 6927 459 8145 6149 1909 450 7611 6243 6826 9432 270 431 9565 6122 1550 2044 9237 8351 6791 4305 8547 6604 9899 555 9163 7390 5222 4325
22 8625 30 1003 6550 9699 602 6961 584 6016 6665 9661 8774 3746 7002 2572 6977 5933 6827 3055 1814 1002 9245
32 3256 4786 5492 6115 2547 760 1886 445 8187 7313 1006 8918 9913 3904 319 6216 6708 2780 5645 8977 2539 2475 6117 3803 5407 4743 2230 2410 7493 7049 9135 9987
20 3625 8005 2726 5036 3497 8878 6793 5884 5118 1968 905 3111 271 7360 7014 3334 8068 5760 8171 6888
28 631 7215 7822 9056 1104 890 6374 7935 6695 3632 1302 4604 7519 1757 8314 3304 8761 9722 40 4009 1606 8847 5791 2034 117 2019 8255 6721
23 2147 6474 5589 208 9222 4064 8378 4141 3176 520 5299 6688 381 7038 4847 1172 282 9870 8730 5239 6816 7604 46
40 6526 7306 9968 4267 9834 704 8993 2586 998 2928 5174 3032 5149 244 1408 1597 9458 8979 3920 8084 3448 4662 4273 5807 7012 5429 9893 7368 2187 341 4474 6649 7513 4512 1556 4432 1383 3544 1918 9903
26 3215 1764 71 6070 6722 771 1685 3248 8714 2396 511 1799 6206 3023 2434 3727 2299 3837 8719 502 846 1903 2921 321 6568 5278
33 7196 9750 3686 7620 2214 4995 4682 1324 564 6352 4080 17 4839 5418 8178 5673 21 4345 2913 2679 5727 2794 7500 8783 6056 1047 8420 3182 6490 5916 5685 4477 9714
13 2692 4531 8974 8630 7652 9592 2334 9578 745 192 8980 9927 6610
30 8565 742 9733 8559 9094 296 187 5765 6244 967 5075 561 7900 7590 2002 5784 5454 4821 8293 3821 9902 7230 4344 42 7659 779 9724 1254 7684 6549
17 5593 6907 3708 8891 7548 8057 2834 5470 690 9811 3234 5839 963 918 8677 3859 1651
15 1188 2768 1343 480 725 1982 8892 4160 199 7433 9471 3428 7883 1941 4653
25 619 8643 8969 6960 589 9524 3637 7340 7084 7190 147 7425 2784 5567 303 922 9590 3353 5687 6188 3675 7629 9136 3558 5232
36 2122 5358 3648 4040 8342 6398 6396 7895 6762 4242 4768 5461 6860 7696 6561 4637 7770 2569 9413 8325 9800 2159 9038 3815 2870 3563 4033 6310 9934 4213 9691 298 4059 6067 7976 2907
30 8749 4902 2428 6622 428 6666 5868 2612 1413 3901 3317 7272 6167 9265 1639 4326 3753 1745 8224 3081 5875 6798 2791 8116 8329 7224 7144 7304 2657 8788
11 1545 2486 4427 972 8740 6208 9994 8371 2208 5856 5975
37 103 3493 4841 4360 153 9187 8079 2155 9481 4533 2775 3653 4946 3650 1623 7327 9080 6810 6212 9649 4947 8382 5835 5076 2701 8569 1014 1535 3590 4487 8049 130 2392 9088 4539 1516 7453
23 8786 4330 7887 5060 9694 9936 3226 792 2550 5742 8572 6819 4645 1320 3315 1655 3403 9357 8026 7539 3380 9910 2485
31 3630 3598 2967 8363 9463 286 5458 956 1892 9453 4722 1541 2421 6758 9290 1730 4587 8751 1592 6200 4854 7816 8603 4708 8613 7978 9928 4900 1947 2851 3004
18 5452 921 3929 1112 5034 9558 2641 413 4896 2755 3043 2482 4347 3095 1939 2771 4471 8704
30 4148 9070 5888 4496 6245 6460 5160 5300 2148 7140 5297 3008 5520 1787 314 4 3040 2414 6693 800 8899 7812 7518 9280 5779 312 3244 8177 5465 9868
23 7387 4514 6557 1809 2866 884 8748 865 4177 6197 3113 5047 6918 9115 3871 4185 6367 6959 3845 929 7879 2645 368
18 1666 9706 648 8206 1812 6640 556 7275 4355 1667 2388 1555 548 9887 1890 70 5107 7388
33 2918 3247 5434 3817 5491 4118 1421 4465 6306 9412 5759 705 7811 3989 51 5557 517 190 1527 7890 5699 4336 6022 8129 4781 2733 4234 9770 8652 432 4669 7130 9995
13 5151 5042 7849 1164 55 4023 9092 3507 7716 9082 4105 9182 4663
24 2499 3389 1559 6504 279 4696 5535 11 2513 666 4666 9697 4899 8301 8268 1734 6061 8949 36 4813 4959 6916 5797 1208
18 5833 8058 3818 456 8479 9482 4179 9923 6087 4618 4904 2004 9017 7531 7794 8327 2581 6399
32 205 4976 2911 2689 8998 5959 934 6575 2882 8308 2304 3910 6733 8498 4751 6682 9366 8333 1139 4546 8295 4168 4792 944 9111 9292 8717 3003 2636 5077 3830 4557
32 2959 4181 389 5352 2972 2626 7076 4968 7939 9209 409 9626 1273 5446 6260 4055 5181 1197 5671 1883 9347 2822 9787 2368 3777 9029 5058 857 3190 909 3390 5226
23 8868 3483 5404 4965 729 3332 5747 829 9271 2832 4934 9101 6342 1067 9848 6642 7370 521 3857 1110 2734 8310 5111
16 5260 4165 2169 2216 9595 6612 7101 5830 7793 9442 2526 7913 9436 6845 8052 7948
21 9663 2850 8109 4912 1166 5812 7079 2618 3942 7352 5326 6309 6329 2673 9256 7635 1368 802 1115 6024 6681
13 3828 840 221 1189 3122 4112 5249 1714 1091 3202 301 7766 1284
22 4647 5942 4182 6656 9820 6146 5837 5089 762 843 3820 2266 5563 9252 7951 1232 1019 6417 7888 4918 5818 1956
40 3163 5953 5063 6696 7089 7093 6971 1277 4229 1477 9125 6512 9310 9521 1528 3921 4723 627 6008 9514 2138 7254 5554 7799 347 8708 5965 3401 6144 9420 5440 5635 7152 3839 163 3452 1299 2363 7663 710
22 7892 1877 3066 1310 2837 8607 1373 1637 4066 5917 2631 8192 7641 9556 5487 466 5422 2309 125 5398 1703 6817
26 2863 8257 8814 3271 7534 3073 3612 4600 6576 1236 5602 1899 9006 5445 9926 9730 9195 9066 8123 8355 23 545 2285 277 1733 7761
26 8048 1654 668 7886 4403 2909 7073 4867 337 5822 1080 2869 7364 487 1465 6884 9346 3050 7967 3314 7869 5183 3856 4107 269 5985
9 1691 5961 392 1825 306 9579 5125 332 4860
15 6108 6163 6932 4457 3160 4445 1618 6555 2089 4420 1836 175 8032 5067 9547
25 5604 2948 6941 4684 2259 4974 7627 6736 1854 712 6873 1756 9348 3459 2267 3165 1874 9293 709 1261 2312 3241 8867 5952 2939
23 2261 2804 1256 5312 7098 453 9262 9664 2469 5229 1718 5396 8086 5451 4943 3704 7924 6522 6439 4417 6999 3620 1931
27 4220 2708 2557 9612 2310 3408 6951 4870 1729 9175 6639 4327 4701 1919 6355 951 5582 9974 4470 4691 9631 6313 7269 2467 9785 3367 5929
21 5950 7259 626 16 3340 2503 2500 8840 3431 8183 8558 408 7376 8803 6631 7525 5515 2001 3595 8760 6403
30 7205 6335 957 579 1860 8759 4812 9433 6778 3849 2487 6594 2687 3082 6881 7172 4698 3409 7851 7795 8514 8110 8791 1628 9422 6442 9192 3875 3048 5371
18 2382 3327 6225 5178 9118 3734 1231 1506 4939 2534 3824 8412 7859 6936 2867 970 4547 1344
24 5424 9318 7011 7931 3434 8492 7225 655 5121 1868 78 1062 636 376 9203 7363 4915 4219 702 2702 2543 7754 4483 7244
14 171 6485 3252 4476 4973 2088 2394 7566 6930 2842 9889 8205 9287 5518
34 6514 8975 4981 2540 4714 9149 3873 3087 4172 2663 5370 2765 7233 5750 3254 5053 4146 6552 8882 3878 4605 9810 5039 7673 5776 8114 3488 5032 4876 1437 5025 8502 9091 4690
29 5072 9325 841 8305 3372 9894 5140 2027 8647 8526 5618 4865 5538 8059 3 9468 2014 9851 4048 2038 7189 383 5860 8798 4571 4217 677 9918 4070
24 9447 3660 5308 9086 9430 4295 7075 3755 4068 8454 9512 8297 6237 6574 2028 7 9381 7503 604 2245 3562 6326 513 8703
24 2082 2629 1487 4131 1386 3707 4086 3832 7532 6664 4443 8535 1375 7136 3115 3166 2747 9760 5900 7758 711 9956 9418 1785
35 8046 1415 4211 3360 3816 8541 706 746 3978 9323 4574 5187 7366 6088 5380 5314 189 3881 3161 2011 5385 158 7350 997 3473 3101 5023 8631 9990 3804 7693 9629 7840 4909 4314
23 7937 7579 5391 6566 2411 4154 8338 1927 2439 8692 6560 7686 3414 2437 2643 5148 2157 5770 8133 8830 1058 7688 2660
13 4942 1653 6153 7149 515 3539 6521 462 899 9671 2380 2803 8897
15 2112 5550 7835 3635 7792 2335 6405 6614 5813 6825 9152 8437 7362 458 9294
13 6181 7496 645 9177 2163 3647 3536 8987 6806 1147 1070 5828 9478
18 8167 9327 6007 4693 3170 1803 8493 5381 6094 8776 5910 4513 6059 8787 4760 1929 5444 4199
18 9097 5552 4299 5968 3149 8933 6231 1081 9656 9522 2615 6482 3867 2107 3199 9711 8755 3535
30 8736 4597 1234 8544 4408 544 8074 1300 5221 2961 8520 2936 2753 405 6232 8665 2043 5517 1263 9305 2222 4399 1850 1484 7498 4082 8799 2565 2445 8695
16 6689 1624 5711 101 5936 6057 2175 6506 1038 162 6813 7528 6058 1828 3321 2954
35 6935 1315 1912 8653 9574 8848 8688 322 6841 7714 9380 5364 3661 664 9980 232 8943 2577 6558 4393 7866 7961 9034 2213 4319 3251 2927 2339 1037 4366 7070 8552 3576 8743 4979
20 6102 7897 3388 3430 2201 5311 5980 9372 3490 1032 4049 4006 3791 8094 2104 532 1030 9799 3609 5654
12 380 5500 9295 9957 3812 5534 2393 5439 8670 1186 8820 3794
27 1586 6545 6745 7139 7171 721 5029 7769 6099 2818 6987 4888 9007 3307 8817 9969 2040 5105 4650 1387 5259 160 8336 5041 7504 2268 9121
28 2379 4951 4562 2493 6648 7478 8072 5599 1372 7868 5254 5756 1210 2150 2906 9201 6928 2697 1356 5162 1900 7481 5412 7780 3282 7162 9202 7959
22 7253 5748 5209 753 9483 8397 2570 4677 1955 6123 9452 2321 4098 7054 8649 6962 1097 9490 1938 3924 2567 1059
38 3749 6933 5785 1788 9393 4623 2463 8828 2391 1219 9350 8747 2068 9212 6700 3051 6811 4977 3364 8802 3858 9224 5579 5485 1963 5761 9 1820 7858 4170 1950 4819 1794 7245 4643 1574 6331 3578
43 1816 9309 3168 5088 2097 4619 7861 3586 3645 5027 245 7143 4628 7400 639 4173 1983 591 8531 7409 2464 4200 1497 3585 3665 971 4890 955 3826 6312 8242 7473 1669 4817 4799 3035 4590 7412 8214 5400 3738 869 5307
13 3061 6646 7148 8445 9258 5513 2031 503 5268 629 2180 1922 3283
25 2512 8186 1224 6477 3523 913 4320 2184 1148 6448 108 1671 8380 3584 5577 6044 7965 4063 9486 8134 4296 1778 1020 8585 7396
23 2662 8432 3640 5048 6000 8624 6794 6214 7355 6582 4908 5390 8506 8390 4668 1829 703 4504 5427 1337 3811 7032 6344
17 2272 8417 8164 5408 6129 6855 7116 2065 7138 5887 5348 3142 8253 607 4748 752 5361
24 5619 8446 1102 3138 8637 8715 443 1015 1252 4311 4262 275 9999 1328 5275 5660 3308 1456 8419 6728 8521 6671 6339 563
15 2242 2142 4777 4853 9344 2240 2384 1 5351 3386 678 1683 1462 1984 7381
23 7970 5472 8126 9108 985 8778 2640 6938 6869 2993 3458 3125 9467 3569 4201 1008 8495 4736 4824 1782 9243 1821 7213
30 9944 9028 6627 2247 4985 1225 8213 280 809 7928 2093 6707 6513 833 1755 7712 3754 1732 7933 4349 7384 7919 5005 3676 7488 374 600 8599 1065 5091
16 8244 5988 6430 7097 359 8596 7962 2328 8854 8896 4276 3983 2249 3919 3537 7549
20 2344 692 1881 4289 4104 1902 3615 1781 9783 6116 4728 8614 8468 7288 200 8433 5647 3827 7050 6205
25 8124 3670 2225 6425 1391 5702 5497 523 7977 5415 9914 580 8215 1271 8709 8508 3659 5129 4636 2520 1410 7825 9275 6028 3614
41 3090 9329 38 3047 715 4207 1278 5668 4192 5597 8635 9950 1948 1336 676 2639 4702 5558 2724 8959 6300 8913 9353 3253 1894 7687 6171 3844 5745 6271 5773 1199 3606 9710 3208 6748 1943 2786 1558 9975 8757
39 5505 176 2000 2350 6937 1235 3806 430 247 7732 6092 8324 8533 4188 4897 5990 9554 7229 6269 5195 830 8435 3312 933 3773 2511 7607 2348 2514 9681 1466 671 2459 6346 5973 7881 6730 5026 9058
23 8402 1416 2966 2306 8928 4453 9869 5469 8832 669 4778 4966 2210 4809 4101 6037 309 4109 1808 416 9538 4540 8994
29 2198 442 488 5197 1526 5541 1228 1672 1837 9831 8039 4162 3214 681 8100 886 8567 421 99 4462 5322 7069 1435 9414 3890 9363 6041 4507 6156
23 3117 3395 4480 444 5705 7943 6283 8416 8422 4017 6988 4713 8246 9932 5569 4511 2129 6919 5906 3495 3344 348 3044
26 3173 4660 4019 3870 25 1723 7662 4525 2278 4920 5411 9122 4190 8706 543 4076 1962 2322 3532 7567 1557 436 9210 7555 3296 9731
18 5481 7184 5341 8290 1724 7570 52 4679 524 6280 2624 9840 4491 5798 116 6414 6848 6113
38 1572 5112 4224 7240 1791 7814 4025 3779 9830 6496 6603 2461 1549 7841 7747 6176 7185 5774 5949 6137 3375 8015 2833 9873 8296 9739 4495 4746 3455 1772 5571 4675 7470 9246 1694 2737 373 8221
38 7293 5697 4688 8266 7509 5938 4783 3098 5834 8713 8860 131 718 8023 3604 5698 9400 371 3011 6784 6833 452 3426 6124 9239 3443 8142 7082 491 5051 7514 2179 3565 1417 4202 4341 7147 3376
34 1286 5436 195 9645 2302 3001 8664 6587 2732 1490 400 9630 1636 2141 3520 3331 6814 7216 9955 5486 3646 1448 9075 6531 300 8230 5000 4043 7187 601 3284 8651 7759 4469
22 1119 2128 2490 9133 7297 2826 9855 873 9519 2465 2407 9795 2361 7963 2700 3967 3342 2280 5320 5831 2203 5267
32 8745 6078 6645 211 8812 3610 7823 3249 1039 9343 4227 530 8051 4596 6946 127 5331 8236 7690 6624 8337 1130 8154 9766 1676 8951 3938 7683 8669 8298 6785 7456
33 8762 3229 184 3956 5132 5653 3328 1083 806 3976 3096 6756 5024 988 336 845 1393 7499 4158 2728 5675 9673 3692 6815 8900 1861 8895 343 4254 2450 4687 5904 3551
31 6145 3683 5691 3600 3718 5676 4400 603 2854 689 439 1632 3137 1458 7677 8608 7826 354 4090 1577 1964 1888 6805 9000 1018 6831 8261 2224 1547 4008 8043
23 4735 8494 364 1111 9117 3313 7666 5915 4806 7906 9250 2808 2438 7744 9647 1308 6164 1489 7315 6685 2665 2102 598
35 6012 900 7086 157 1633 1123 2326 6711 7311 980 3267 3140 2944 8332 4886 6717 8829 4012 5217 4969 6215 5609 3669 6109 3470 2720 2409 3681 4097 2435 8069 3450 4542 512 9061
34 1486 6896 2455 8321 9625 6985 3736 6287 6218 4649 8117 6898 3074 4281 5733 455 5648 8033 9701 2889 1056 95 9622 3902 2231 6282 7834 6471 8917 6875 9977 6104 7424 6054
18 8767 975 1967 9043 2351 7428 9303 8887 7040 2598 4430 6321 2548 4271 94 4661 479 7541
32 6480 6314 2945 9194 3379 4397 1297 1217 7640 9155 7638 7358 5365 4568 1492 3216 5732 5845 9623 2293 8621 1447 6402 334 4193 1333 8022 9858 9881 8497 9223 7444
15 2119 2571 7221 6204 6625 8294 4793 5282 7507 1511 8679 9015 4703 8194 5689
39 946 674 6003 6305 994 7299 3895 31 1831 2337 4659 6885 7301 8660 8128 3732 6507 3761 2347 9909 2817 5585 1404 3070 3116 3286 6064 965 7356 3162 4631 1389 4613 6525 1363 9687 9247 2489 3564
23 7322 996 2825 9557 9583 6236 1650 2108 5366 1327 7862 3788 7557 2051 5428 7642 6449 5855 7115 454 1564 438 7263
25 654 4119 7719 5911 4329 8135 8379 7767 4240 7606 6486 751 6089 302 1066 223 782 9589 6450 8953 8763 2389 1627 5879 1920
38 2806 6993 8465 969 531 1875 6503 8509 4318 8673 8428 1200 4050 3293 5094 5843 9003 6926 1034 4881 8389 7046 3085 8188 3457 6862 4759 3922 2076 1589 6388 7021 6629 8869 6096 6957 5955 8440
7 2978 3977 4997 2519 5480 3729 6121
23 4884 7880 4046 7278 4247 9336 1150 5999 5746 8746 2287 8283 6878 41 1567 4198 4150 510 8711 6684 3324 7405 6252
16 447 9106 1709 9986 3077 7699 1542 8302 7210 5553 1715 4576 2359 891 4051 6051
25 2741 5214 9947 4755 7860 9911 3439 3760 3246 6915 6579 4545 6295 3854 3907 748 9498 9334 186 159 7573 5499 1243 8352 1425
16 4163 1178 7630 2596 8393 8090 1702 784 143 4629 9431 8091 7222 4061 6406 180
30 5895 1450 4861 7271 2896 5283 3935 8398 6017 1469 5657 5503 2468 1917 7072 3204 146 3611 2262 3485 6004 8810 7736 5551 7343 9539 9531 9316 1626 4258
18 9788 4828 1834 4371 5245 6466 1529 5008 1780 8487 4243 5859 2582 4549 858 660 5555 6670
33 4460 7020 5688 617 3094 3456 793 5078 4221 2294 4225 6600 7718 6292 2476 6519 9168 2655 5717 4497 1609 3429 3201 5612 7124 5683 2385 3851 9587 8566 527 7344 6136
26 448 7597 2549 6320 8619 8795 3273 9434 8233 5462 4388 273 7803 5459 3203 3581 6042 2113 4102 6726 3036 8735 9875 4429 2718 9191
14 2522 7157 4640 3894 8858 8662 8687 6043 203 9798 8450 8627 5993 437
27 7798 3384 7256 9041 6441 5802 2695 7562 5401 7490 6307 2282 5018 4705 1340 764 7675 6824 5169 9929 5946 4204 7302 8806 5373 8099 5977
15 3330 5450 3654 8394 3436 4259 6390 3157 9002 3814 402 5502 5869 3597 3356
34 3548 3433 7867 9401 7380 7153 6174 665 861 9051 7096 3531 1682 775 9506 74 7283 889 6060 1657 4461 66 4771 2072 2006 9269 2650 6019 3710 3425 4742 4627 8157 6974
29 3982 795 7945 3018 2521 6379 8245 2330 1470 7672 470 3285 8638 8728 6013 9048 5093 104 1392 6093 7980 9197 5928 5467 9796 4530 4622 5937 6465
31 9689 4581 2705 2628 1156 4928 3320 3262 4385 8592 2603 642 5841 8489 8626 5907 255 8752 9667 4508 9652 3222 267 1369 20 1960 2788 5281 5615 5253 6308
13 9967 5744 5323 4970 5878 2983 3502 7001 9876 5330 2759 2573 6348
26 3206 1935 688 251 8911 9462 8646 8597 8729 4988 625 9632 4020 3772 8474 9576 493 434 7955 3952 819 7497 9286 3943 5562 8831
20 3940 509 923 2533 8095 2795 1659 7764 9641 1294 3128 6336 908 2023 3945 2857 386 8012 435 9752
28 5674 2236 1060 9741 7247 1818 867 4028 2098 772 5972 2751 8992 2532 9562 4410 274 7255 224 6347 4699 5507 9655 5336 3102 8744 7220 8983
38 19 3120 4579 2670 4567 7871 5353 5101 9160 3245 4253 4196 97 5971 6446 6891 2057 9495 6195 8685 1801 3589 6924 3016 5203 7161 3552 1711 6062 7418 1396 484 1133 4910 9361 7030 7856 5378
28 1554 6952 1326 9311 3243 3486 5113 7223 2685 142 9326 5714 2592 1493 8361 5666 6880 5246 9050 8176 93 6272 4750 4864 6741 7109 4142 5706
41 1908 417 5474 2381 7941 9032 2021 3931 84 1122 4655 7946 6267 9005 2279 6563 1536 7434 9982 4850 9078 5205 4042 8623 4389 9846 1656 1290 1958 7237 2423 2952 6956 1094 9424 2196 616 2585 3636 3991 4863
31 8353 1222 3522 960 4324 7728 3099 3405 7508 2620 9997 1291 1167 2137 2560 5901 6978 6071 3865 8633 4210 6475 4930 8229 4014 882 8926 8925 7681 9721 9907
14 1155 427 2811 835 174 2583 4062 4078 6782 8407 6126 2296 3108 4905
11 4340 9518 878 4594 7061 8973 2164 9502 7818 978 9098
22 7501 1125 849 8836 3954 357 7197 2064 112 8098 3542 4521 4216 9390 4414 8258 7558 1464 3369 4630 1339 6703
16 7181 887 7371 9457 1932 3415 15 3232 1313 1495 2831 449 7108 2678 9954 837
27 938 1257 2752 1668 4503 2408 6358 5484 473 4871 5905 9520 1093 3879 2595 6364 5266 1305 2523 8686 7896 8404 1530 6846 4057 578 3594
26 3139 7168 3263 1268 2858 3888 9138 3960 7612 6340 1590 469 651 4367 8528 6996 9449 8641 4652 5526 9064 3834 638 7750 8527 901
23 3091 4712 5471 2226 5405 206 2223 7378 2452 76 8264 888 3951 1569 451 2859 2205 6893 2554 161 656 8306 7235
24 4575 2763 7874 8036 1584 6796 2880 5146 4732 4982 8881 3685 8181 507 7691 5931 9216 4425 787 1849 872 2055 5712 5870
23 1057 4611 6546 1792 2980 1995 2212 1582 9866 6969 8873 4096 6731 3280 8001 7587 4502 266 6084 3135 5022 2562 6710
17 1989 4848 863 5292 6964 7829 3664 7632 9392 821 8579 7007 3784 1882 3233 3129 111
21 9586 3796 2315 2926 6718 6316 2843 3917 3291 1274 4758 1591 2058 1352 9233 6354 3682 5537 9996 2876 4065
29 3487 5590 2130 7417 6864 7104 7231 8593 4577 9059 1742 9376 1428 537 2026 8219 8340 6904 7609 6297 5724 8904 3060 2991 6870 7796 4409 1889 8856
34 6792 242 5637 6006 6074 8800 4894 7648 9707 53 2369 4246 8467 1839 9666 7469 7923 3441 7217 4292 2609 7158 6498 3979 6892 9339 2125 7535 7979 496 8772 318 5646 7382
23 7787 4167 119 7647 9307 5163 5896 5627 4665 3966 1783 1524 9633 8553 229 8339 9915 5182 3046 7055 6373 4022 7656
23 8016 7071 9126 2123 2265 722 7081 7855 4767 5255 3278 1610 4209 5700 6175 7261 1504 7029 8042 1677 5116 5880 3916
27 9455 8277 6250 490 3933 3029 7282 3223 5605 2504 6050 5030 196 2497 6858 6844 4607 7361 1348 3220 8304 6249 6751 5316 4205 9359 4353
27 7105 9844 1255 9949 6795 5613 4617 5532 4092 6651 1735 2878 4830 679 1841 1826 3400 4711 5346 3592 769 6770 7533 2709 1169 7735 4838
16 7345 6523 7986 5650 820 8231 1765 3136 5788 7724 3121 1619 8169 185 4879 9385
23 6729 1553 3999 2323 139 2883 5294 686 5827 4405 8997 3034 9829 3472 9617 3671 7622 6235 3145 3224 6161 8439 7909
38 1823 7922 4094 7392 7993 345 9939 3423 6838 2447 554 6369 4782 4935 5040 5912 7123 9634 4261 412 4171 1036 824 7486 9185 4310 75 4695 96 5279 8766 7005 8083 3747 4656 3969 384 9131
18 2289 8034 9824 9708 7203 3998 3092 7920 1540 9395 717 516 1768 609 3398 8659 6757 2448
36 6495 2047 9279 358 866 9836 7238 9496 278 7505 1239 1646 6456 4936 5384 5743 615 1074 5280 7730 9321 756 5014 7720 1330 331 2024 1304 8924 3679 3701 2782 6536 4837 5466 1924
35 7394 4852 2529 9513 6516 148 8950 7448 1165 9020 5144 5315 8388 9193 3574 8648 3549 8962 6949 8 2922 7810 1233 3260 952 7932 623 9460 4724 546 9087 4718 1364 4956 4975
29 8525 5713 1269 1341 2664 7623 9312 8792 519 1009 4493 8421 7802 6797 338 8481 8912 6426 5848 8260 3872 7135 3007 7845 2559 9207 3658 4099 6712
20 8156 9674 1517 4978 5967 926 4548 3292 3725 9360 1670 9242 974 7058 3762 4272 7132 6890 8292 387
36 5626 8658 3602 63 1427 4291 716 6768 7399 6082 7173 3277 983 8907 32 3350 7305 7323 9282 3063 8383 4519 7580 281 3553 8804 8011 5223 5476 2616 2506 2610 4263 79 9236 4646
22 4306 2327 5392 2444 2338 9804 9153 528 6923 6026 989 7660 8184 6063 2016 2255 5930 4394 1072 6984 4174 9716
38 5664 3013 1634 4183 5781 8874 7374 9132 7286 4907 4544 3783 9046 5943 9127 7618 3567 500 5097 1622 2841 6586 1925 2835 9304 6151 2745 5002 7805 9688 8846 5237 737 8384 7551 3700 3482 2949
26 9979 1846 3467 2669 1949 3446 8209 2956 761 8956 992 2509 3889 2020 8546 8455 9561 4527 2992 9328 3461 7903 1743 6157 4308 7060
33 4572 7689 3529 6464 5095 173 2815 4339 3833 9826 8823 320 3516 6210 6781 45 7885 644 7781 3374 6085 6654 9861 4798 6771 1985 7484 9992 2970 3937 9302 1182 9659
30 1433 5382 3838 2611 6669 574 9700 2576 2313 1073 7175 6562 7854 8576 6719 7511 4128 5242 2872 4784 6508 6318 6947 5509 608 877 8575 7201 4007 1871
36 3310 9244 2868 7603 3346 5289 1445 1951 3798 1157 9991 1144 1379 5153 953 6421 730 7068 3996 2063 1689 3628 6341 6010 4451 8857 5085 3850 8849 3512 6170 5631 58 3396 2707 8119
29 6491 8010 7815 8663 5701 8833 4551 91 9605 324 3957 9573 529 2614 1790 9230 225 7251 1587 6866 672 2241 3345 2604 1116 6843 4680 9746 7110
38 1934 3703 4001 8045 3261 941 2188 8543 3580 7929 6199 5389 9396 6598 9808 3326 3175 1385 3301 3571 144 4765 801 6889 5045 6077 6419 7726 8510 9388 3235 759 7114 1457 1211 7475 2915 6415
39 4872 6444 8444 6386 2813 9023 2387 395 1514 3556 2153 2923 8486 5383 460 3151 5963 7180 7191 2974 4134 9406 6677 569 9638 7591 393 1346 2183 6009 7733 7615 2424 2095 8223 5302 8285 5009 4608
28 8458 5885 525 4269 9440 2975 8423 2846 3909 991 3181 7755 8850 9771 1179 3062 2675 9904 6242 5208 2890 7565 7520 2916 1414 5083 7804 9162
33 8784 6564 7042 2688 9812 8666 5766 2623 6973 2802 3045 4034 6277 1054 67 851 8927 1024 8518 1751 2893 1519 2742 2291 9972 7155 8334 33 5369 7911 8182 35 6299
16 9144 9333 5633 4372 7294 2957 7420 7546 6569 8071 9921 6657 1771 4914 9951 4236
26 2646 9568 1203 7559 7145 906 6906 8620 9784 3528 902 811 6268 9253 4757 128 9274 1022 2207 3158 6505 9948 4083 4775 3900 3693
32 7228 8838 9314 5546 9134 7043 6766 4615 9835 1033 9213 7495 9427 1395 8966 8870 1957 5176 1750 9529 419 7053 9338 7408 5897 9534 2091 1390 6106 5443 4729 2221
31 6 2181 2022 8808 2498 5031 7958 2886 9768 4402 4323 9965 7998 4455 2750 5368 6720 9196 3510 2109 9367 1936 850 4030 7461 4505 5318 4286 942 2717 7057
24 4127 6333 9060 7987 3407 6049 2819 3971 4178 9607 5693 9575 4725 6605 1142 5056 1738 6940 7006 5410 7463 3946 9186 5851
39 7487 1617 1043 3912 7441 1382 2325 9618 327 6975 3089 3058 5262 6653 2682 1176 7997 6911 986 1403 9416 7574 7219 2227 3764 2215 8545 2903 5850 9669 3568 5809 7033 9807 4788 4010 9940 3939 1357
36 1041 9234 3757 4226 227 6835 7545 7083 9383 3953 6502 4045 8617 8515 2301 3172 4780 9709 9833 5614 5234 9850 9877 860 4801 9786 222 7129 6854 3723 5028 8159 904 8189 1381 3720
13 3337 9487 7127 8564 6636 5441 9609 5710 2599 1296 9335 8775 7234
24 1270 3555 4566 680 1064 7464 4337 6211 5740 7457 8737 1761 5256 4835 7426 7336 4972 7692 9248 4501 6606 6201 1202 4122
21 4944 6228 2258 9488 72 6484 8753 5200 5642 3518 831 9391 7087 1319 8430 2864 284 9675 552 2079 8890
35 8785 3743 8410 6301 4515 8588 1969 2474 5661 5019 8901 6777 7150 2186 9116 3217 9035 8354 8448 5978 2139 8140 1884 1242 5333 1774 9300 4671 2764 6327 9809 912 8513 8056 3573
5 1367 9925 8077 5982 4774
33 4249 2537 433 2942 5801 3393 7126 6229 8121 1708 4081 9543 8470 3554 2397 1648 6989 1275 2484 9119 5431 4756 1051 7828 5306 5342 1565 1338 7676 9324 5343 7544 9362
31 6470 4245 7404 4111 7170 9516 8089 3363 1737 2681 3422 5793 6323 3591 9973 3118 8381 2494 7393 5994 9580 6570 763 138 6387 7899 8777 596 3825 8037 5248
30 1459 8595 3766 5327 3079 1853 9596 7583 7624 4005 2080 1250 5270 5523 4933 6783 7383 9885 9983 5061 4585 7367 5790 7451 5751 9112 4541 7582 9065 7044
13 5044 4376 1580 3695 2792 5634 5449 7700 8088 362 8276 8240 1749
38 5694 1048 5641 3691 3802 9013 7821 798 1744 2518 4990 4719 1865 1258 6754 8093 8835 4244 7698 9405 1518 3205 4442 5073 9874 7289 4125 7552 4967 2010 2729 4599 8017 2120 6395 3639 9789 8130
18 7653 5416 2588 2250 1796 1016 6583 3325 9970 8929 7065 7401 1096 6120 6998 3987 4164 7988
30 3980 5510 3236 6177 5559 136 1488 2723 7134 9662 6661 3484 6742 7477 8622 9439 3316 5193 7778 7576 8616 8356 5098 5235 585 3489 2635 9049 3758 1649
12 7431 9627 7704 7439 9803 5284 6832 9611 9181 5979 3012 4140
19 7438 3268 2950 5080 2454 8200 6378 4343 3869 3259 3744 3148 1253 3030 9356 5730 9759 6544 3715
37 8272 9235 1976 1686 489 8013 4382 4917 9971 3352 5652 7174 7633 1162 3274 9369 6749 4115 6652 7679 1879 9322 2932 5918 7193 6255 1863 1007 8834 2995 3343 6802 765 7661 8287 9027 8532
30 2517 8852 4485 749 9435 7407 8064 7113 1440 9813 4938 4003 5924 6418 3847 6458 6790 4176 812 7578 9270 8722 4769 3927 9549 102 2551 2032 4986 6039
36 7741 1092 1028 8234 9107 2653 9217 6676 2209 3370 5629 9815 3852 1797 7973 1201 5624 4406 5010 5241 897 7080 8490 4561 9284 3454 5951 9342 1605 6734 659 6573 7715 6468 2333 3358
32 2721 3000 4971 4963 4077 9042 8864 5570 2844 2900 1601 3211 7447 2366 415 231 5288 404 5309 6658 7349 6543 1117 7064 1499 9024 1434 8902 4762 6499 9865 3964
35 9814 1158 2295 4791 1207 836 5669 874 3298 1644 1923 8996 895 1502 1727 4962 2238 2143 573 3915 4733 8217 1345 4013 1815 4293 3914 5992 1272 2937 5265 5207 2477 5725 297
39 7285 8291 2848 170 4790 9725 6132 3840 5185 209 2144 5795 9351 5 5173 9426 8347 8577 2661 2799 993 2830 5610 2637 2908 3057 7529 4980 6567 2415 207 3153 7586 5115 4256 8263 7596 2955 875
27 1975 2117 149 9266 3391 5354 8151 776 3861 7960 1595 9096 7786 1616 7637 5728 135 814 815 7626 1798 5291 4563 1505 6409 1259 7547
26 9648 5046 9651 5941 3897 6914 4494 5065 5876 6992 9888 1420 1746 4882 3067 9778 398 4730 9895 424 4332 1432 4467 1599 635 1498
25 964 9473 7893 2136 5103 7734 9221 8818 2985 485 4800 1904 9548 9068 2185 8218 4844 9924 423 1044 4149 9684 7515 5969 2797
27 8655 2069 4635 5001 5719 2607 8475 5894 5086 7292 1604 4868 1539 4124 4463 1612 7308 8002 5305 6148 1350 6674 9178 9370 248 5574 7462
11 825 2077 8025 8504 8727 3774 1446 351 576 8392 1563
15 3359 7809 8821 7167 4356 1878 3583 6290 8132 9077 6478 5402 5753 499 2680
31 6902 4362 9767 3019 9141 9297 2531 9114 2033 463 4071 2300 8586 4223 8937 9030 7204 7634 1076 5909 6808 315 6112 7379 2436 5636 3874 8674 7041 5873 2263
27 7711 6786 628 8750 7494 2192 4584 313 8628 3506 3237 9352 9698 5015 3621 56 1194 4255 7214 6472 1121 259 2191 2671 9695 5198 2357
28 54 8003 5989 3447 9559 2426 5349 7538 8158 1298 7154 9958 8574 3392 9375 1282 9604 5126 8447 8344 9382 6259 5762 5617 4423 3603 4317 8443
38 9880 8115 7419 8516 8193 9154 6980 9438 2505 9012 8522 5920 350 1311 3880 8075 4855 4826 3622 4392 5057 9841 5667 9296 2118 2371 2587 9963 2746 6423 8972 633 5611 9261 3255 6410 3941 9816
25 8251 3504 7100 3891 7644 987 9541 2111 973 9402 1700 1523 2060 3792 9476 1500 4208 7274 3438 2398 7790 1712 8155 1973 9896
34 9220 4309 9454 1953 4161 254 6725 9474 7372 7118 3786 4534 1321 8319 5003 9755 553 346 9635 1401 6021 8299 2798 3078 8415 5069 3100 2478 272 9345 8939 9658 1664 3893
42 3801 2056 4237 8485 8742 3014 7595 2568 7915 4268 1678 7984 2106 4002 1078 5347 3731 7914 3780 4143 7450 3911 4906 4685 5194 4378 335 6095 675 7994 9500 8269 6294 237 3133 8871 961 8507 6103 1355 8855 1770
22 6621 4218 1146 3527 1479 6994 1835 5139 817 8863 6643 4667 8173 3155 8483 5752 9129 2425 2460 8801 9978 2232
17 6467 5777 6772 6986 8691 9637 6068 5362 34 773 4811 172 9898 5849 2793 6872 9740
32 5490 397 3104 8477 1784 2453 9757 8175 106 9620 9653 6836 7542 5787 5682 5240 8654 3361 5686 3776 8286 3212 4413 7334 7969 8107 7703 1262 8473 6735 1214 9278
36 164 5172 3141 122 8009 378 8289 7884 4700 2084 4384 2873 3866 9838 3680 8845 5090 7010 1946 5227 4651 6135 5651 2085 3596 9776 8690 2399 9615 145 2884 8480 2986 2781 7517 7655
22 1216 5159 4895 2774 9358 641 6066 8556 6284 5956 5271 2902 2642 8166 5360 82 4466 323 5123 391 8999 2017
41 4810 1722 166 7111 6500 783 7442 7752 9938 2458 4132 2704 5816 8779 3474 8424 6198 5643 399 1981 9819 6976 4351 2606 92 9010 3349 7455 1409 425 4108 7788 8682 8756 3677 3033 4039 465 7226 5166 8542
28 4054 1661 6859 7277 5987 5082 5536 5716 1789 8014 3037 9544 8612 4721 777 9062 5477 7953 1508 9404 7614 1988 219 1693 927 2162 6429 6143
22 6131 9960 3503 5013 6411 7019 1979 240 3986 1914 2473 3159 3499 6140 60 5796 5468 6714 593 2320 7601 6447
19 6365 9686 6159 6264 5127 3641 2403 4270 7018 4338 3546 3616 8303 7092 1423 2617 2251 6679 7670
21 7563 735 1281 6662 48 3006 1748 4396 7852 4609 7200 3207 8726 1312 7016 6138 7414 9832 5122 5556 7013
37 3213 4447 2049 7820 6638 8179 2694 3303 5110 6528 3570 6747 7106 1513 2760 5017 6767 401 1444 9857 5846 2483 1974 7971 4940 9931 4456 8030 8916 1288 646 3123 1029 1118 133 5527 6240
26 7133 7320 534 7179 4357 5805 6160 6773 7331 5114 6033 504 9823 325 7694 7983 6673 1747 9533 8199 7722 3056 9308 3183 4411 3406
24 7536 8318 2121 3478 1474 7095 2132 9782 9389 6291 6489 8705 3950 370 4616 9026 8954 6847 2174 1068 8843 1175 3341 8373
26 8683 4250 2994 8469 6760 9704 1309 4407 4206 1719 2140 9822 3970 377 4214 7128 5064 3972 1025 6663 9218 9441 9037 5649 3923 1987
35 8718 2003 5902 4251 2910 4697 1134 5882 4037 481 363 8139 4212 7369 838 2239 2149 5832 6239 3022 1223 4444 7870 1538 3368 786 9150 2574 9214 6038 5345 3769 1149 3385 8816
26 2018 2891 1990 6453 5295 3557 7910 8883 2290 2372 61 979 6073 9854 333 5037 3617 7526 9157 8362 457 2904 2271 5109 5494 6527
31 9158 5192 194 5100 3110 478 9456 2545 612 2492 178 123 1419 7004 780 3903 3649 1852 5899 8203 5201 6139 7554 4833 9161 1430 8555 1196 807 2929 3210
20 9780 8106 785 3662 2575 1358 3150 4891 6759 1758 5191 7685 2046 4313 1896 5838 3540 7279 6190 183
24 9657 6752 8191 5120 8118 5338 4593 8503 7209 6615 8989 4862 2730 4866 4565 1342 9715 6246 5332 9147 7445 6787 2865 2135
20 7267 2284 5778 4294 1443 9285 2412 7947 7669 7968 8930 3855 8931 6701 8501 1287 5811 8436 936 9920
25 1215 7921 9225 1762 7335 375 5084 3778 4720 6001 1455 8524 7429 5453 6005 1940 5496 8275 2632 3411 8427 2716 4275 4528 1400
37 2316 3607 2965 1171 9176 1887 4383 197 6350 4373 8125 813 8562 4370 7151 2552 4954 5519 2964 3619 4992 9748 3394 5119 7339 7608 7048 7091 8809 3995 7602 6052 1895 2969 570 5921 2758
24 3721 9492 6253 3500 7877 2600 9378 3981 9090 7319 9713 1295 7645 6451 7599 8180 4583 1049 6048 1248 8391 9747 2430 768
23 6055 6105 3712 8097 9588 8889 2189 3189 5108 1061 8102 4492 805 2 4558 5655 3264 3083 2644 4744 3790 1482 5180
22 6281 6571 3468 5055 2713 4803 2041 5188 9172 6150 7957 3297 6036 8309 3399 1475 9031 8519 2754 9084 6440 7227
17 4673 3059 6559 4499 7024 8661 2977 3435 390 7757 1698 8267 8589 6377 2133 7628 8723
11 6353 2698 2997 2378 9515 8108 3052 8282 6238 6391 9143
21 7460 2030 5808 8078 630 1075 7650 252 8400 6110 1736 9569 7218 7000 6040 7192 4931 2757 1050 5983 6487
13 539 3354 610 6433 407 5736 1660 1741 3748 9723 1992 2541 7085
35 355 4342 403 2785 3582 8476 3049 1353 151 6538 4036 2725 1819 1543 6047 2427 3419 4859 6823 1642 2947 8313 4916 741 8288 217 2228 5050 4766 572 118 7743 5565 7284 8636
33 3795 6227 4473 1681 6412 8418 2877 6075 3054 6035 5572 8370 4058 6900 8019 8540 7588 2433 8764 2253 8376 9443 2375 3913 9892 6876 3188 6130 7889 9450 3781 9985 8794
26 7146 907 8877 7737 682 6380 9493 8250 2812 7516 5583 1045 3479 6637 4707 3042 6483 7131 4307 1665 9577 7395 5573 1629 497 287
29 8395 8152 9551 8279 6293 8699 9120 1978 2820 3309 4709 7813 8598 8876 1103 9736 3075 2073 949 8995 508 1431 8312 4832 6613 9315 29 8028 8241
38 5908 6917 5141 4564 4840 1608 4726 9298 9537 4889 2719 2386 1862 1120 2012 6424 538 1442 7258 2045 6002 3366 1422 7375 2305 6345 1483 7708 5568 3412 3533 2470 3072 1872 661 6361 9856 4993
21 3515 8274 1942 1552 9862 8853 7249 3225 6230 6596 5847 4069 4113 9165 6780 3932 9845 4846 3973 7594 542
31 3694 6154 5927 5210 5303 4664 6343 3005 6590 6178 9989 109 5738 2050 9009 6165 3084 365 549 1452 216 9603 5147 6436 4634 9643 4290 2405 5974 8942 218
31 204 4488 1690 6234 1429 7952 486 3836 637 8827 2987 5871 8610 8557 7745 1596 9758 6076 6279 7252 2039 2248 7035 2998 2360 4035 6107 9644 999 9774 4747
39 396 2714 228 3194 1365 6079 2508 9446 6461 5620 4740 8488 767 2507 8323 9692 4955 6256 7631 4598 8112 8618 3541 8406 6849 8523 7410 4449 4524 8326 2220 7585 2354 7556 3561 9728 8063 3421 3377
18 4074 5940 8408 236 5238 3722 8865 1131 9636 6920 8936 4004 903 6317 7015 9337 595 7575
13 9919 1010 9485 5690 9676 9331 5708 8550 239 1675 5071 1763 9083
34 446 1930 5954 6982 1106 6311 6152 8862 9466 7211 4922 3240 714 3231 6554 8815 8770 5863 6750 9365 1807 6270 2416 3177 8866 9682 6882 1571 6699 2390 3863 2317 2761 4018
21 7833 5150 7178 369 9429 4500 8066 7636 6401 6690 7045 1082 7775 7844 9593 3997 5143 6853 7721 8563 7037
32 8087 8548 5862 5325 6887 4375 3156 3526 7808 5158 14 5754 5815 8425 2821 8826 1707 9410 8734 8689 7753 6128 2472 3335 4137 915 7800 879 6672 5786 8315 9745
19 4624 685 948 7850 7705 4727 8587 8172 1173 5819 6172 2731 9959 7991 1247 9102 3230 5247 9227
27 4189 1576 2777 5272 9151 2292 3730 6607 188 2070 6360 3947 6351 6330 9180 8538 7391 8254 235 2564 6257 8797 7756 9717 4241 9601 1997
30 9742 7806 8328 2648 7094 640 1195 3860 6948 6011 4522 8768 582 388 1476 6375 8923 9398 7975 4937 3519 7436 567 5152 871 5749 3918 9570 8921 2630
16 2193 2352 4689 4789 5991 9109 6675 8211 6894 9188 6532 2566 2860 6633 7492 3065
19 9540 4949 1706 3656 5935 560 6209 2536 5220 622 8031 6501 6511 2515 8202 3319 8884 9998 2206
18 5758 3719 7316 3097 2048 954 6619 1510 6469 5630 6691 6219 2029 9852 726 6081 2418 7791
26 5794 1143 3119 7918 673 9761 3993 6265 7907 1993 3209 7616 5804 8910 5130 4279 1759 7479 2553 5269 5600 4348 5722 9384 8958 2171
38 8150 2898 6950 8657 6608 4398 3593 2722 501 9036 4739 2602 1913 5179 6908 68 3974 2740 7074 3383 156 6659 3782 3258 1813 4921 3031 1876 9935 8935 9762 892 7257 3279 4851 9156 535 5836
26 8248 214 3382 2431 2244 3697 7188 1869 9074 6739 5692 5715 707 311 2376 5092 1578 8632 6529 7465 3994 215 3835 8712 8062 1739
29 461 1086 868 5414 9140 2558 5707 2958 1046 583 1023 1245 1620 4053 7398 1910 870 6970 1684 2674 9769 7246 8256 6738 26 5709 3460 3184 7471
10 5136 3608 6189 9839 766 9063 5228 6944 4436 9621
37 7817 939 9469 8162 9170 7954 3333 533 1388 3492 9961 191 6191 5767 6119 3566 9124 7423 2807 3674 9591 5421 7326 2871 4731 4315 1100 4831 6963 6865 6954 8551 7063 9291 2852 5161 4489
19 6207 6349 3281 5729 141 6955 9052 8782 8222 2666 8938 5695 3451 683 7025 1113 893 114 3787
20 2269 4845 8259 7056 8629 6565 5052 6443 7996 3963 7236 4626 5301 1561 6251 9508 7107 5726 5886 1544
28 6530 8357 9272 2152 2999 292 7386 2156 5542 6635 5580 5817 3575 6407 1583 6958 4994 2229 3287 2071 1184 6080 4903 7853 3638 2584 483 3449
30 3868 559 3164 5601 9775 429 1317 4379 1351 9047 4823 883 5463 844 1293 4412 6276 2914 3477 7027 7543 3442 3227 6370 3219 2530 1885 599 7177 2481
27 3733 7846 4000 7186 7195 4932 5164 8065 3843 8349 4369 8429 154 7287 1840 9884 526 8491 6774 9079 8262 47 3015 4957 9905 719 5175
32 5898 1289 7354 6709 8738 8008 9477 1152 8789 6556 3579 1354 7443 506 5186 5981 7202 9801 7625 261 1573 3453 9219 3688 379 2086 7717 1349 1226 1777 1769 1105
38 4298 5659 3306 3642 1996 2988 1598 7842 7290 7415 4085 9208 2946 5504 6968 3985 1237 1740 7727 728 8101 977 5852 9179 1551 5672 5881 8426 1907 1177 4580 2067 2790 2234 7572 8460 7789 4692
23 81 8204 3965 4554 1181 3178 7164 9545 6031 7264 9598 9110 8769 5789 4278 7474 1585 9425 2647 8252 8837 366 6381
14 2400 8905 3494 3928 8434 4550 8131 4027 4773 8529 2962 6761 8948 8331
41 6692 3269 1325 8716 1593 6716 3186 6871 9494 165 8369 8472 7359 1377 924 8947 9526 6202 9354 8844 778 6667 5448 1921 140 663 8377 2365 2744 5213 9045 2466 8138 9536 3196 4129 9553 6539 6032 246 1568
24 738 3086 7483 590 9288 4797 9368 291 1183 4215 2281 5489 5257 5406 1347 8554 1154 3404 9093 1766 5433 4785 9283 1864
10 1209 7239 8343 6801 7678 8819 935 5420 5038 1901
11 8672 8374 8676 9677 4386 2736 4603 540 5806 4359 588