31 466 8098 6372 7628 4188 3255 8355 237 128 1516 6237 1930 3536 5981 9642 8106 8015 7071 2913 93 4162 7566 3456 5746 5921 7016 6564 308 2556 834 7360
29 4032 5383 8216 4669 1098 1982 4985 455 3945 4840 7377 2779 1157 1494 4870 9872 7429 4266 317 636 5245 9073 733 6107 3944 336 3529 3595 4754
32 9307 1675 9441 1792 3629 6720 3292 3052 5519 7635 3716 7250 8295 1050 5390 8788 6665 5974 9807 6336 1213 8001 1202 3304 236 6317 5355 2208 6067 3546 1641 2134
27 516 712 9014 7382 3606 6786 2355 7 8186 6457 911 9520 2187 2608 4704 8510 7248 7178 6049 2416 2395 2092 7985 6379 8880 7341 8443
30 5956 1356 2111 3218 3463 242 3748 3262 1692 2860 7544 5314 8051 8549 5083 185 5900 6667 8558 4474 1008 8867 5236 9828 8320 9816 8987 8971 1702 1949
27 2634 5143 765 8892 1794 2798 2123 9235 8757 4839 4621 1396 8612 8484 2952 7266 3470 589 8799 8691 8744 9318 1964 3778 3552 405 9186
29 2953 2765 3488 4427 2621 7672 7333 8589 7538 2426 1353 5448 5689 3241 8033 9829 993 99 6477 8850 1381 8388 973 2582 7680 2697 4268 8652 4697
29 3171 3749 4475 5500 2323 2691 4069 1833 4170 1680 9324 7356 2270 9914 4837 2491 1880 1943 7242 1997 2640 8088 60 4053 2633 1313 6692 9296 6499
32 3578 2101 1051 1615 3182 7328 5868 6925 8200 8437 3141 2728 4205 8630 6130 842 108 2938 7651 5572 6102 3746 3775 1367 1130 3941 7055 8950 6077 4772 6482 2229
28 987 8028 8050 9798 4543 8463 9519 6646 4991 524 5155 7883 8567 2667 9247 3913 4911 5551 3057 5677 3936 9010 3542 3961 3604 6861 9624 9768
29 6215 1409 2531 7160 8486 1760 9656 7379 7090 5793 5646 6175 3029 6447 2927 8311 1484 9931 8365 2613 7091 9146 2176 7398 5630 9238 7848 2329 1638
27 9389 7718 5375 5919 428 539 5840 6734 4923 6533 6755 8667 5331 5393 8308 789 5406 3567 24 7458 5864 6191 5860 1477 5465 4531 3837
25 6071 9597 9547 35 5096 5704 4186 9122 9965 5702 1770 9501 1759 3453 7570 9644 5754 244 8640 8543 7239 8568 4790 360 1452
27 7780 8778 4402 306 565 5908 6751 423 1970 1347 2125 1745 1423 1550 3265 6862 4008 3589 2755 8218 3970 5122 711 8663 9863 7158 8871
28 1126 3962 5325 7950 2858 5162 1169 7646 1291 1368 8054 4825 9701 7465 713 1278 6514 5159 393 2217 9530 8300 7401 5167 1319 2946 9837 2508
33 4243 2167 5957 7249 5269 6604 7302 9270 9191 7887 3523 6505 4057 2968 847 5605 6268 3266 3603 1671 6162 2409 6819 8771 7042 7168 9169 1531 2318 8214 8624 1119 1233
30 1724 9351 4338 6631 6987 2914 379 8340 2516 5347 8269 5345 5675 6297 520 9973 9542 2940 6504 3135 1905 3426 9956 4580 8594 1922 2955 7390 6645 3482
34 8489 1081 8517 2158 3730 2738 7411 810 337 3415 4432 5484 7124 4465 9149 7225 8007 2834 7058 8145 6148 7632 7171 3274 7829 3447 5614 9754 787 6195 3068 2919 9401 6606
29 5964 8593 8092 2143 8481 5200 4937 6831 2851 7519 8378 531 3808 4206 1625 7915 7305 6690 2307 5431 2102 3021 7359 1456 7338 6743 1838 651 7262
23 283 4419 8865 13 5148 6270 8156 820 5510 9232 9967 6171 7194 3436 3927 6109 5766 7454 3452 9823 4355 9262 313
26 224 1669 4831 2077 8961 5862 5232 9290 9865 6184 3337 8679 3756 7012 359 2200 4307 1116 5101 7180 8513 7978 7524 5320 5644 2241
31 5629 7562 1693 6660 1950 23 1657 991 4364 3983 9383 7736 4100 7381 551 692 4707 9700 7392 2394 4366 357 5070 8927 3677 1371 3280 8872 8337 6386 9139
28 8982 1726 912 4731 2724 6058 9250 4673 968 4859 7979 4409 8779 1429 9436 3154 4082 5012 5711 2807 8790 8021 9195 8272 1183 2359 4602 7708
30 167 6919 9566 6722 8968 6501 7576 9381 8777 2831 1783 5790 5113 6592 1033 1000 6926 3344 9971 6725 1701 8819 6973 2603 8588 7261 7802 8278 1631 4138
28 6284 2341 2086 7608 1808 2480 9548 3670 7984 3395 411 5310 5385 1879 910 286 4345 3991 7637 8585 8524 7026 6979 9552 2348 2734 9456 7134
27 9177 9489 669 4022 2259 916 7100 623 4722 2747 4332 5796 3442 2866 3323 456 5927 5446 7606 745 4098 7980 2405 1993 6726 3877 2894
29 1366 3985 4302 1653 9187 26 7334 2521 8230 58 4300 5488 8076 2962 3360 4255 6573 5099 8914 4603 7591 2221 8669 8446 8885 4662 4091 3804 8731
35 6595 5739 4324 5404 1900 1720 9360 3214 631 7096 3016 4311 4763 6292 7781 2748 4796 179 7089 5506 2544 3151 7502 134 8635 3996 6685 4651 591 8283 1932 6210 2709 2878 1261
26 1073 9669 7685 4726 9036 4793 1201 1729 2986 7763 6128 7659 2067 9147 402 2887 2155 2715 8024 1355 5283 2711 7065 3173 7241 6817
24 2135 9095 8752 2576 9483 7847 3483 5857 1953 7147 9067 9521 8996 6412 4713 274 5257 2791 5126 9856 8279 5975 3156 4590
32 7163 6848 5480 7276 6321 4914 9245 1704 580 1700 209 3600 8118 3067 758 6161 303 4001 7841 8930 1897 5923 3070 3611 4906 2149 1086 262 8756 8093 7748 5436
26 281 5762 3388 1707 1067 5902 4301 68 1447 5102 4521 9718 5128 6931 2291 5108 5699 8712 4690 4623 2282 3764 2274 3814 7626 7654
29 7694 5051 6852 8907 9604 3209 7752 9622 8732 540 9694 2428 4283 7822 1877 8207 5549 3403 3825 9742 8946 3418 2729 5220 1695 5595 1795 4116 9044
30 813 6733 4276 1212 3473 9514 1495 7806 7775 1903 6934 2371 4153 78 2921 1430 1883 6123 4786 6917 6814 8349 4294 9710 6939 6565 7350 1713 5414 6100
31 6224 8175 566 1946 3931 1546 8858 9981 897 5362 4203 6674 9617 7131 49 890 7498 552 4800 4627 1256 6351 6621 6632 6417 5215 6275 6179 8074 8572 5267
31 1215 4730 2031 2429 8159 592 8157 7868 71 6229 1708 7712 8384 7673 61 2726 5663 970 3851 1847 2326 4303 6996 1332 2185 5626 4808 4256 2987 9513 6220
29 9025 2372 3169 1026 7294 6542 9623 3823 3356 1585 381 4083 9015 8571 9734 7904 3664 1926 1264 8325 5018 3602 127 2165 8213 8592 7614 4920 5579
29 3358 720 3816 139 1830 3189 9135 3583 3898 5800 4555 4195 8577 4759 269 1512 1369 8498 7324 5041 3035 4674 4818 9717 6716 6392 173 9884 8811
26 7190 2771 7361 7648 3077 510 8908 4470 7482 727 6623 5664 4187 3672 9916 5963 3046 4569 1612 375 8026 5071 7653 1987 3110 5082
29 9488 3937 4867 4092 9261 8609 6956 2007 2505 5848 5723 9945 8956 9908 4182 2624 715 9078 7404 4357 4043 5218 5618 9486 3570 1302 7123 1385 860
30 6055 4346 1255 3461 7639 9974 6981 5073 3074 2671 2995 9838 4752 7890 1041 2488 343 1035 7428 102 1128 80 6620 3659 3834 2032 9211 5780 9136 2039
25 2742 3063 3352 5084 9962 6983 2502 7041 5496 4356 1240 4952 5599 5121 8746 8356 8121 5097 9739 7345 5918 5219 3501 331 3027
33 105 1047 4130 7045 3119 5887 8920 7202 3058 4207 7737 8107 4917 6383 2117 593 5601 2131 3158 517 3308 5445 4607 2503 5667 7348 8550 8841 4024 3973 3760 7426 8212
32 6771 6262 2529 1247 2203 4904 3813 904 327 8148 2647 3185 8381 550 8741 7232 1172 9154 8528 6146 9539 5318 5914 2100 8038 5416 7878 6340 9817 3510 4922 3879
28 2893 2496 3434 3424 4242 6131 3072 3228 8866 6081 8936 3968 6744 6024 8606 2344 415 1848 4328 5561 479 2922 9511 4617 8091 874 3385 5380
32 6190 2012 877 5396 9031 8133 5192 6497 5284 6986 8520 7265 5351 5427 5934 7798 3425 6543 8844 9851 6449 4361 2764 2959 4278 3742 8807 2088 5984 1604 17 6654
36 39 2002 77 7896 2161 7443 6745 366 7938 730 1400 5951 3735 4160 8428 7204 8605 1856 9042 7133 9836 3343 2256 421 1884 7293 9337 537 8525 7791 6624 449 8294 368 4048 3286
28 921 9196 2725 2469 6839 2201 5021 311 233 9723 3300 9673 8964 9879 4035 5852 3780 3905 271 418 2730 3341 5055 1871 5593 8839 6705 9189
26 5028 4822 5178 4699 5842 9783 5960 4526 5804 9705 7762 3259 1614 2026 4169 2916 4668 3140 8903 4677 6213 9091 1951 3087 5881 4193
28 8680 1146 2076 8341 2885 577 2530 7530 8444 1375 3242 201 3720 9384 5905 178 1967 4574 3330 1747 5937 9090 1782 7902 9773 9096 5335 7372
29 9658 384 6569 6610 8634 7462 2902 1497 5013 957 2618 4683 8787 8918 7297 4049 154 7709 4728 9709 399 3398 3103 538 3055 2447 111 536 1286
29 567 5360 5479 8104 2679 8800 8507 2513 5017 383 5438 5079 7665 7529 6560 3632 1908 7167 7863 8057 163 1205 5156 2835 1001 7198 1179 5146 9278
27 4064 7670 9615 5313 6684 5123 5665 6668 4534 3828 2528 9004 2343 6251 8434 457 3134 9440 8766 6374 9279 3514 6432 5600 1236 4509 7277
31 6492 218 849 5324 7993 599 7175 4344 7587 363 3131 6373 1534 7022 7973 2829 212 3549 1207 1775 4221 5002 9397 3966 8415 9033 2000 575 6634 2462 5180
30 1743 5538 5977 1918 5029 5330 8997 2471 685 1437 3408 8387 7955 1577 7153 1238 8796 8833 929 2559 3450 4165 2204 1835 4056 8762 655 2859 9544 6608
34 6002 6142 6495 6285 2571 3325 9960 6116 8738 7093 3144 3717 9978 3880 9101 2587 7048 6607 757 1616 1168 2560 4880 275 3244 9924 9059 2666 6288 6691 7468 272 3675 1335
30 6727 4533 7278 9298 4347 7151 8820 6350 6489 6886 690 1806 850 9215 8519 9934 4141 1985 8362 3940 8202 5980 7496 1742 6833 5430 6531 1973 9465 6108
23 5304 2982 2896 6371 6907 7159 4963 6256 6208 2122 5153 3847 5742 1721 8323 1753 7811 3681 5214 1174 6876 6785 823
29 6280 8108 2813 2599 8160 1307 4540 8636 6075 4856 401 4536 485 2236 2958 5421 6355 8725 4456 1567 7714 3489 5031 892 4341 1114 1090 5818 8412
29 9545 4573 6709 5 8709 4113 5679 2380 889 9668 8794 4584 5137 6061 9581 9846 8994 5006 367 25 6440 5447 4854 8541 1320 1828 4201 7295 5389
29 1939 7169 6358 1209 8140 6484 706 3349 2290 6558 6816 1529 8252 5352 6788 9446 2016 8963 4424 682 3935 1129 3233 8869 3492 671 1584 5859 5253
30 7109 4706 1310 5008 3840 4012 238 5737 6111 6352 1814 8814 5744 7216 8477 4932 5625 9197 7857 282 1227 5992 4708 3596 2695 4761 3406 9382 8023 1459
24 8101 5776 29 679 355 8526 9156 4085 905 1554 2484 8948 672 11 2645 9295 7290 936 6963 7647 562 6260 8152 7319
32 8976 9017 4458 2305 9698 7992 1465 2366 8813 922 628 4436 8531 4003 7927 3100 4430 5463 8748 2939 5700 6809 9260 7075 6629 8120 9402 8254 9204 9682 2271 9246
25 8983 584 1104 3206 574 1133 4264 6622 8536 9113 8583 4653 2170 5640 2802 7495 2210 6212 3175 4525 6438 4377 3192 153 4390
29 9184 4134 962 5442 1077 898 3036 3085 4878 4823 4546 5674 2687 4695 7885 9769 1252 8990 4220 3953 2983 8853 923 2756 6553 6989 7661 6149 1606
35 2574 9439 2499 4901 6910 6697 1277 784 4031 2655 4115 2741 1346 1622 9485 5732 9000 8224 4988 7253 5444 8155 3614 3907 9515 5429 4393 7486 6326 2754 8114 1860 75 7373 7797
29 5173 6563 1478 4016 9498 9155 140 9429 404 4702 8056 1190 2333 1885 2141 3084 7444 6151 4279 5408 1644 9425 8708 472 5187 4701 5067 8132 4751
28 477 9072 9832 1960 2710 6753 5698 2317 2653 1380 4376 9902 1607 3599 469 6958 2999 678 1610 9634 7357 1727 5915 627 8707 9472 2082 7696
35 853 1983 2555 2636 4360 9557 5098 8401 2898 4910 1538 8682 2682 4987 7053 4217 1422 8211 533 1800 3177 7996 8673 9533 431 8642 4990 88 7757 6742 2892 1080 181 1565 1580
32 4613 3743 4172 694 7031 9845 3998 1184 100 9819 836 8389 7716 8322 7695 44 9574 8913 4919 3613 429 2967 7691 2028 4630 9854 3187 4260 6672 9023 9012 6138
26 6428 5305 2184 4407 9993 326 7415 2023 7034 978 6530 6471 4577 8845 1981 1410 9358 873 5104 1699 9925 8206 9518 9283 1330 3865
30 3032 3883 5428 5038 1023 6957 2565 3296 3293 3811 2310 1382 7767 5621 6805 3929 6946 7826 4392 5697 2759 2297 1443 4999 3449 4126 4070 8650 7043 3005
25 4780 8030 4503 1716 3884 2606 6219 3798 4105 6187 4317 559 9256 7156 9332 1046 4777 1175 4415 1850 7030 742 7876 7937 8394
27 6598 1108 293 5874 9338 6363 7140 425 3355 744 6536 7213 5060 7336 6686 3223 8352 1428 8476 7435 7207 1318 5472 4147 4192 259 8316
34 5760 2235 1682 9011 5049 5063 4249 3428 4198 1043 7864 9776 7405 3829 5256 2375 6389 3109 6327 9418 4122 2566 2004 3706 7711 9657 6787 2784 3152 6382 2770 8700 3987 6309
28 9696 160 9083 6847 6401 6160 3023 9670 1343 641 1342 3379 6094 6472 7013 2178 1915 9842 4537 6152 7193 2994 8469 5228 22 1271 9985 9526
26 6509 495 7143 6936 4484 8264 7436 5204 486 3278 9702 8959 8266 6331 8317 2518 8188 6599 5490 7060 4174 6651 3793 3947 123 2455
25 8273 5196 9891 1427 5476 2631 4286 5909 8062 3372 4816 7188 1002 4974 710 6394 2699 8035 5597 8970 6874 7459 8414 7408 5250
30 9233 1138 7410 6702 9724 5582 9966 9643 8827 6921 156 8465 3468 5403 7374 3414 4549 2782 9897 9257 144 4492 6748 6240 8047 6579 5230 5841 1587 4336
31 5477 3114 113 4905 2659 9534 9989 6086 1118 138 5516 9589 5470 1361 8812 9308 8713 9730 5342 6902 6036 5237 2302 3869 1468 1245 8242 474 8100 6029 6746
25 3237 4570 5502 5116 1778 9977 225 3645 3684 7267 9193 1397 4272 4513 91 4496 8154 3150 4246 3787 3569 4568 6114 4378 8685
30 851 1528 9743 3065 7224 1555 6767 8013 4689 2277 4284 9449 1266 95 8960 4437 3890 1514 6300 3099 6158 2977 7256 8537 21 1836 879 3715 657 9203
29 9766 7666 5376 433 5583 5112 2209 3815 8546 284 8353 6406 6437 4467 6615 3451 7422 8247 1889 1730 4293 1679 5402 7907 1173 6823 4382 5485 2439
28 347 6865 9556 4109 8238 6689 1634 4222 8727 4313 8924 3866 5374 2266 2116 7018 6541 4370 7964 3959 3129 4967 8270 9555 1274 8730 9205 42
29 7776 7911 3605 7572 2979 1896 1164 2362 6808 688 3433 3421 7173 5731 483 7612 9255 5666 8196 7755 6422 2545 5246 7244 7340 2060 8440 4020 475
28 772 8285 2897 3568 1025 8828 5649 4483 2507 5701 1586 4251 5285 5339 527 6537 3807 9983 7607 6488 1234 8438 1124 8661 2173 3448 4827 8962
31 1809 2654 9016 4277 3999 3908 79 8926 3120 9537 5740 2105 4089 6982 4009 2476 4716 4267 2713 8289 7856 6342 3146 5558 7464 6339 2353 9293 7575 7815 4104
32 5705 8183 3769 3524 4685 4767 4864 2540 8127 7287 9491 3522 2551 5359 8046 6255 5193 7014 9541 6994 6034 3969 8083 2308 1458 4178 2852 3275 1722 2538 9804 5139
31 3508 9038 3107 6137 4028 7111 3331 2381 8826 5806 3145 2188 6550 5202 505 6728 9861 2850 3843 1482 94 4329 2311 5912 7686 1571 1446 1076 3479 6226 9103
27 4776 9871 6586 4325 2192 4588 667 2797 2181 914 8619 4144 6873 2573 2164 6396 2810 3946 4908 597 6088 3554 5903 4299 1756 84 2306
30 5924 5942 299 7059 4783 1867 2262 8407 7342 1893 6035 9251 8171 8161 9748 3637 2392 2663 4142 5729 3210 6974 2522 3393 4809 9612 766 6459 1336 2906
32 7003 701 587 7136 654 1223 5064 5655 227 896 5993 8445 6239 4631 8617 5195 8890 2199 4523 2601 8687 3759 3383 4948 1560 976 7219 9312 3867 55 8985 5833
25 1357 3394 4541 2592 5127 8509 9129 307 4080 4820 9423 2421 1151 9210 767 5296 4514 4235 7758 747 7834 8425 8954 8855 6407
26 98 6125 1731 4838 1055 1431 3078 5594 7731 3351 3657 5986 9847 9411 8720 4664 6384 6978 2451 7470 6316 8344 2399 2575 8199 3752
27 8342 6870 868 2126 2071 3012 2604 8966 9706 4757 8563 4992 5567 4442 1845 7236 3863 5691 8740 6206 5682 9285 6420 9765 211 4698 8644
28 2245 9510 3327 2153 6901 990 5157 4787 5735 6784 839 8179 6266 1414 9784 1821 7070 1780 7154 1652 7037 1789 5181 7085 9126 2080 4298 7460
30 9236 4485 1500 3518 6028 8110 5001 6337 1287 4847 7346 2062 5027 7259 2789 7838 5901 554 5371 1317 4215 5985 2162 4090 471 9883 8887 4890 4626 2075
26 1285 2642 7314 6943 4051 2930 3933 8217 9753 6736 6829 2884 8491 6433 2434 5996 3584 3571 3281 4168 3401 8324 6022 4973 5684 184
27 4029 606 8173 9591 7027 9749 4455 2557 5812 5391 3083 1791 422 2702 5830 8369 2803 6009 3269 7146 909 8822 3626 2106 9005 7187 4106
29 5327 2138 7358 5349 8375 609 8660 4882 459 1292 3728 6836 9464 6832 7734 5271 777 3413 8749 1370 6154 3888 8999 2625 5941 8696 4711 7771 161
31 6263 2096 7597 5358 5789 1764 4395 9302 6562 8117 8823 2804 7110 8198 6078 5814 5290 9093 8834 16 9626 1862 3231 3738 7744 1294 5085 1810 2350 7636 8923
32 5298 8460 8665 506 4979 407 7054 5752 1374 9569 204 7274 7272 817 5991 7010 9399 8607 9221 6236 9495 2532 608 9954 1107 1995 8492 7320 7488 4006 4819 3091
30 6304 9958 2549 6217 3548 9385 5384 6185 7441 2294 7824 8267 5727 9355 5846 4507 1243 2049 2762 4308 6864 6064 3025 7874 3250 9608 8493 489 964 2169
28 7877 147 8191 9864 3268 9162 3440 7497 3420 8374 2514 8664 1014 7925 3538 3229 5418 2377 5897 7527 9266 8991 8168 5176 1815 4254 6538 2027
28 7966 4075 5955 9206 4352 3621 8457 2800 4962 3979 1623 6247 1258 6344 8167 3557 8808 4744 6329 9777 8072 5928 7425 9454 7788 389 1480 935
33 7850 1489 5647 6413 6762 7195 8063 9561 8068 5515 345 6613 1378 7077 5190 8449 7011 9497 9359 8141 1305 6687 8480 6855 5308 4693 512 6454 2817 7551 7622 6290 4956
26 5034 6633 5659 1142 4079 7664 4119 7582 1575 8410 8626 4372 3317 9652 56 8197 3431 168 3009 8681 6835 4918 148 8552 4163 7778
25 3668 7197 615 4572 2788 5208 8522 2718 1279 1089 8922 9043 2453 4423 497 8364 3315 7456 2971 7549 3630 9244 3862 9632 9550
28 7956 2034 2234 8932 5512 858 9442 3648 7507 8759 1321 7112 4060 4072 9662 6476 1220 1072 6234 2628 3316 8688 6643 833 1591 4073 7069 9640
24 7804 9280 8933 3544 4399 6600 1493 5183 5623 8319 4128 5450 2413 4924 9818 8856 794 3191 9577 8128 4853 9849 235 3384
26 9055 9726 6467 9200 5244 9805 2619 1888 7201 2498 3777 1811 1769 277 8518 6636 4065 2255 6325 4318 6601 6261 5182 2286 6045 1059
28 5827 7727 463 3612 637 7814 2548 7024 1065 8129 8139 9118 4813 8737 1099 5289 9148 6641 1513 4171 1515 4154 7479 1171 9650 3334 1015 549
27 9715 9913 8544 9393 5596 8891 4473 5107 604 6679 1525 250 70 8868 7928 7929 9494 1801 325 974 7540 7331 2431 7101 501 8377 4703
31 7945 2901 4061 5065 8610 792 1684 5363 8326 3364 2299 5692 4200 3026 1242 5907 6590 2104 90 8089 8005 4925 870 5493 4939 5695 2500 8109 4234 6334 4585
29 9874 547 768 3685 3562 9115 5093 314 1670 7452 3227 1269 6554 4851 7689 3553 4652 9076 7533 8728 2751 2449 2561 4158 3125 3739 7866 4599 1248
25 7309 861 1377 2174 2003 3264 3253 8124 8674 9198 7652 4943 4316 7420 670 7510 8318 5888 3184 1198 5590 9371 4184 4791 4896
25 6951 3287 5464 3438 7997 7601 1048 392 4682 1019 8900 1257 6189 7072 1395 9230 5713 7624 8350 264 4649 3102 3022 6800 4410
30 8143 626 1474 3995 2385 6287 864 4074 1404 5439 1052 2627 8304 5592 829 6165 6529 8501 7898 8182 5688 5824 6593 7057 9907 1060 7500 8292 66 3167
25 4600 420 96 2805 7522 9024 9311 195 3594 7813 2289 9937 6577 8043 2991 7229 7499 1994 8321 4501 899 1467 4263 837 689
26 1519 939 9857 4323 2833 570 1192 8776 7968 5555 7062 5417 4548 8565 621 9806 5004 8077 6019 6662 719 9138 9417 157 5552 7203
33 3690 6122 1788 5019 2319 287 6556 470 2360 2584 7793 7082 5207 6023 7119 2877 7870 9056 4062 2384 6671 4874 5125 2966 7946 7854 882 1986 7205 7743 8467 2639 5531
27 6469 7237 1887 526 5585 1874 4846 4421 8601 4155 2252 5344 440 9976 2197 4403 2364 2961 8305 9249 6354 3733 1556 4550 6150 3900 6241
26 2190 3919 279 2025 7706 1272 4858 4756 4747 9961 622 9998 937 8911 2038 2761 6364 6770 2242 9490 1520 8153 7872 9772 5718 5978
26 5280 830 3530 3369 3165 2615 4522 6390 6015 2321 5805 3978 2739 1648 5815 1453 9121 82 4443 220 8945 714 1265 7135 4333 6539
30 4845 2684 4958 7756 2441 3990 3620 253 3852 602 3008 2089 8608 8169 3841 3881 1902 913 6859 6851 4435 1358 358 7641 6892 2600 8372 2378 6271 2351
31 3179 8097 6353 6200 9316 394 3911 4312 1723 9369 8801 1969 9227 739 1539 5300 3708 6853 2330 3190 8553 322 3220 4422 2073 464 2457 9229 3365 9691 8025
27 3081 9228 6141 3248 1462 4185 8495 5144 596 4330 9159 2180 5607 8189 9108 9509 6366 2943 4472 6291 8359 1061 998 9616 7330 356 9833
30 1988 9267 8245 3791 522 955 5817 2680 1957 3101 1214 5534 2258 7298 605 643 4843 548 9370 7453 6806 6464 9299 7893 680 7289 4040 9862 1924 2580
29 3115 9348 1010 4950 8265 2113 2547 5635 53 2224 6670 4605 3301 400 4237 2103 3734 8627 8085 9107 8448 15 5353 3824 273 660 1103 391 7568
33 3980 9860 9161 5191 191 1588 1383 8195 5669 9452 6147 371 1956 4665 7910 866 2708 9949 9362 4460 3676 4023 1841 1786 7808 9057 8576 7677 2821 9567 6609 8953 2673
31 4219 7957 7189 5759 2212 588 4576 5537 4500 753 9116 6626 3290 6089 1532 5673 3768 3111 5100 625 6106 4232 255 5047 6267 5035 9770 8505 8330 4139 2512
27 6635 7222 9282 3346 2295 3957 1386 136 7702 2593 382 7311 9361 3515 762 6655 7210 3178 473 8721 2386 9131 783 4927 1803 5368 7501
27 1566 6616 4429 4661 1572 4771 8782 7485 7337 600 876 8343 386 1774 2493 1876 7593 1522 4725 6732 6578 4647 8497 7028 6669 1952 7009
29 7368 927 7285 7430 4742 2706 6614 9173 8901 7476 4769 5609 6911 2509 4912 1984 1013 2249 3506 2676 5920 3180 3038 6014 2567 9357 2686 7584 1068
23 9813 4499 5026 9605 7894 9225 5770 1892 8603 2717 5261 5276 7588 3350 6188 1533 8773 4110 579 6718 9671 7002 2365
27 9543 3060 5784 5602 862 8611 9551 4047 6881 8064 938 3559 5598 2873 1063 972 89 4224 9714 3667 6042 5898 446 4799 112 395 6658
26 7774 155 7004 1831 5998 1752 2828 9570 1813 3565 673 1549 886 6491 6201 4469 8805 6054 887 4326 8008 7642 1844 8919 5395 9252
22 5089 1263 9164 8797 7433 5426 7688 2960 4027 2915 4417 8390 8096 2778 3694 1112 261 232 9377 9563 6295 6008
30 2198 796 8312 7559 2225 1706 3472 4997 8511 20 7231 4495 7617 263 2880 3396 2050 6031 6625 3885 1797 1300 7827 3618 2369 4551 4632 9430 6136 4817
30 4737 6802 7179 2278 4608 7164 9289 9035 3572 4598 2876 752 188 2881 2325 902 6834 2750 8397 1579 880 6511 9885 8886 377 3679 1999 661 1195 4641
27 5294 7967 5328 9614 6490 1570 1349 2094 2313 5240 6912 5753 7698 9082 7282 7840 3914 2950 6385 8165 7206 6157 9627 9226 7679 8561 5457
27 8150 8398 9128 7128 5174 9712 843 9409 3537 1766 9892 2737 1619 3981 8878 6274 4539 6324 7240 6916 2263 3899 230 4204 6711 4893 5052
23 3073 1683 9142 1088 6738 8421 5422 6938 2985 6377 8471 2410 6704 3960 1694 857 7017 6510 4199 9201 7007 8941 6551
30 1628 4715 961 74 1364 7317 3817 5540 122 8260 4453 6878 1139 2910 6225 5508 6169 4520 4857 5023 3003 1673 8760 9352 9089 5152 9396 9157 7245 5578
32 4980 4405 2944 5287 5733 8863 7596 1143 2487 1289 9648 2042 9106 4103 3477 3924 1818 746 7981 725 1576 2490 4159 6367 7354 3850 1276 2230 9171 1639 5801 5939
28 6830 4984 4886 2150 9051 9927 986 8158 7299 6167 8433 2367 4614 9477 5491 632 2458 4462 5090 9098 2844 2072 4625 5264 816 979 7518 4946
29 4446 1029 2133 2973 4792 265 1017 8404 1085 3736 1629 1609 7380 3318 3689 339 7138 4961 4034 4657 4624 971 7859 613 5307 4209 5933 7394 7738
32 7560 5364 4386 5140 3 8383 7367 6918 2675 3128 4252 3750 217 396 9415 1545 1517 5637 9140 4 9911 5570 8657 9899 6521 76 906 5603 4363 5405 1790 6416
25 6448 5671 8185 9900 8280 9968 6893 9959 735 8573 4133 5254 7851 8234 1688 4414 5741 8016 542 6927 2612 4358 6801 4463 895
26 4940 7115 289 918 9982 2801 1419 9503 4680 6370 1158 8176 406 5489 6429 9217 6794 9437 2109 6673 5221 9595 9314 2926 2840 8512
27 9026 4339 6286 7230 7437 6640 7753 2688 2269 6730 7149 8637 963 9292 2107 2074 6057 3932 7541 2843 7114 3294 3382 3686 585 8591 4897
29 4774 2523 8631 1304 8703 9800 9099 8432 9855 4494 5252 8458 6566 7531 8735 2993 4127 252 5584 5277 7594 1074 992 3986 8084 8181 7565 4011 6498
30 5910 8723 4994 4981 3386 8228 4687 7586 5577 1861 81 6811 3732 7371 5419 5950 4425 7487 7640 37 4995 5075 7613 4488 9376 3164 409 7125 3789 7571
24 2401 3138 9133 6890 5386 7005 5273 3903 3610 7719 9320 8170 502 7805 736 8351 2925 2316 4768 1181 4782 3558 8490 4304
31 6053 932 3889 9321 476 4434 125 5286 1777 34 9330 64 6928 5877 2128 4929 5797 8360 845 2758 9888 2976 7862 3698 5672 4810 4439 7068 5147 8233 617
26 3090 1996 5856 7506 5676 346 4872 2818 8888 1433 9248 8658 5435 515 9522 9373 5042 5911 8430 7494 3028 4594 7306 2932 3531 3478
24 7393 3930 4050 6249 3975 9125 8862 8027 243 158 9631 2058 3258 8102 9504 1165 2445 5072 215 8579 2626 4225 9693 774
24 8978 9046 2781 9220 8332 2883 1479 3910 8921 3740 1543 9194 2707 8784 8059 3147 8256 1632 7970 6872 4866 1472 9343 731
28 8995 2997 2657 2731 2889 7935 4926 827 1852 4949 8298 5302 7044 532 7080 2110 6356 4093 8052 6273 8482 5632 4953 691 8958 3336 3802 8042
29 6186 1940 1028 6231 5893 1714 388 8452 8263 5388 6346 726 5604 7283 3916 9690 6929 8875 5661 1919 7810 2752 7291 8441 7785 3094 8078 6264 9811
21 7364 5259 799 5397 5066 7618 4508 3439 7525 117 1947 6721 6168 2337 8135 988 1754 1655 771 1144 4233
29 8825 7952 807 2527 6842 8041 9572 7740 4257 846 4489 4493 9903 9586 9677 1062 9326 9077 3464 292 7940 6453 8905 5983 4931 2233 3443 4512 7644
29 3348 5170 4461 7286 1501 8928 4428 650 1804 8618 4955 8314 9379 3974 1324 1438 9975 6782 9735 65 9334 7406 7972 6065 3236 5474 8429 6796 87
26 5468 6583 924 8743 8988 3788 1340 5714 7631 2665 290 535 4830 119 1032 1971 9969 5547 6676 2629 6557 7960 5014 1541 4384 6404
32 3193 6582 8418 6815 6523 5922 4735 3368 3661 4327 8370 8315 2517 9722 4511 8439 6795 1170 8244 7537 2824 6091 4582 707 7461 6984 9242 5266 4561 1094 4887 2743
30 5788 3601 607 7846 1502 3856 1323 2519 1595 7513 481 2008 2649 6846 2130 6680 5748 5462 8113 3893 6821 5845 4132 8832 3069 6970 9319 2823 7821 3770
29 3971 2543 9663 1582 5247 7273 3965 8494 5372 3917 6418 8338 4583 9500 8590 9117 9875 6173 9821 786 3526 5734 4190 7951 9688 2787 7066 3693 2322
32 1044 2836 4477 6301 8071 1776 9048 3311 1225 8548 3329 4518 1945 802 1762 2658 5831 7478 4468 9941 2288 7585 6 4609 364 57 3387 8268 9778 4464 5767 7008
25 6387 2945 4030 3745 6365 7526 3696 5622 4310 9834 2171 6349 7208 7103 7620 919 708 9689 6250 5411 9218 6661 6966 656 1920
26 1630 9984 4633 8683 8251 6298 5615 6408 5769 2855 83 5077 7819 5458 7214 2079 8462 9462 9300 5526 5962 8456 3389 7833 9559 3873
30 5816 1312 3064 1413 7424 3282 7528 5965 1064 4635 6953 7578 341 54 9546 795 8058 3467 4714 2240 6723 2312 4099 4457 6145 4945 1457 9460 5690 5935
33 6303 4646 3754 5724 9763 7747 8979 3326 7728 1725 6205 4936 6997 4691 9065 4071 8086 2869 2009 4191 7536 6426 1363 2746 3949 7539 6985 3030 7630 2345 6076 5161 1095
31 4694 3047 1260 9468 4564 8555 9740 8286 7246 1509 6126 3809 5879 4826 7595 5227 5377 646 2 8843 1150 2588 2053 8686 4229 1662 9979 3484 6328 1633 2704
26 5453 6512 4426 4758 2420 278 5798 5020 1544 1938 2809 3095 7107 8299 5795 3655 6884 3547 3563 7535 2937 8895 1034 1914 6763 3982
30 6060 5574 3566 2390 6218 5367 2856 705 1508 2698 1928 8442 2605 8284 6360 3585 2283 7599 2121 511 1827 7480 7046 9881 4960 2309 3373 1411 8011 6427
26 933 9523 2463 8406 8917 779 1392 1728 6647 5944 2700 7583 1270 5896 7439 3860 7223 92 5497 5469 7892 7300 7081 2891 131 3320
28 6875 4401 6522 2863 1054 9578 7280 7746 4650 8466 738 328 9928 6544 4785 7532 1045 4447 2157 8405 6074 6757 6780 6952 4824 6410 5932 7321
25 8809 4121 5039 7403 763 2585 6995 2630 3671 6430 3319 9944 9841 3806 1523 8246 7553 1379 6587 2610 6283 5164 4841 6891 380
25 4076 9287 3163 2773 5054 721 7122 9531 1163 4240 5648 9590 8804 447 1485 863 3121 6232 2562 1613 9403 3480 2918 8803 1009
32 7724 865 4482 818 7963 3516 5030 9822 1226 9110 8912 4245 6375 4491 8646 9692 7155 7969 677 2652 8271 9719 7084 9970 1603 5270 8392 9517 5832 4157 30 2838
30 3181 3700 5719 697 5883 8450 9309 1771 5498 1079 6502 8502 4589 5530 3662 8981 1536 6456 4143 413 8861 6080 7786 9895 523 7823 5258 7548 2539 4506
25 5728 5715 5865 6465 3902 1006 811 6637 3597 4164 9079 5527 9737 6032 3984 7431 5725 2720 2196 3511 9576 6441 451 1705 9583
32 9964 8684 4261 1974 6883 7860 2045 6507 1232 3370 5211 9088 751 3725 5999 3878 7481 7561 8094 9887 1642 3006 6248 2672 1621 1352 2090 5973 6791 5478 9746 4734
34 1624 6312 5544 1979 5278 956 7633 2861 435 9457 2569 3502 3634 490 7542 5172 6570 4517 7656 734 2568 1325 2046 676 1024 3113 101 8396 2622 3306 4775 8402 1110 6439
28 373 693 4638 6230 2450 5394 3215 1781 3846 8675 8846 6380 8499 7899 2933 7445 9284 5091 7211 9580 4567 8151 5135 7450 6197 4108 9685 1372
32 5696 1106 9549 9422 3404 8235 3381 4672 9564 3376 9390 1732 4636 7989 8514 4746 493 6972 8237 7438 9445 9588 4615 4236 8535 192 6575 2853 903 3786 5562 8363
27 9404 5891 6555 7701 2068 9645 121 2114 3405 1218 129 9904 5982 9797 5511 8276 8595 4724 5658 8847 8473 3391 989 8116 3895 2261 3897
26 9434 9796 7137 1643 7942 4863 6572 1717 1125 5451 3132 3792 9102 2564 7760 5686 8515 504 9058 2267 5772 7102 9209 9625 8689 1931
30 4899 8648 9782 31 1593 8177 8306 4942 6895 2237 2215 3819 338 2393 969 9901 1659 222 6400 684 9467 7312 7777 1408 901 6446 9824 4941 5322 7521
25 5651 7645 8003 1891 3577 809 1254 541 5432 1559 1 335 9388 439 1936 782 319 221 3718 1961 3024 9345 4146 7183 7657
31 7258 2948 8111 6526 3821 6097 2391 7130 8006 798 6571 4180 1473 8951 3771 8222 3082 4280 8090 785 1092 2474 3521 5460 4993 3465 8837 3429 5518 5251 9141
24 1303 3080 8785 4581 6506 3157 5947 7514 8969 3573 1402 8061 7684 7977 1298 1799 2029 434 1854 5370 8142 3061 9756 8329
30 2363 5703 7323 7982 4947 4015 1605 9001 5781 2251 5009 5873 9175 8582 5532 6478 2006 2904 2081 3894 1650 2842 9602 6944 8742 9069 9368 9755 4806 7835
30 6233 2253 3474 9919 4248 8002 6056 5454 7352 9068 3204 1557 7769 7421 4667 7609 7466 5425 5768 6773 9905 3186 5441 4137 2775 4519 4396 8870 7039 699
27 1787 635 703 2693 1796 239 1121 1817 3491 226 4287 3339 8622 5606 2467 3444 480 2059 7117 6423 9641 6479 9444 4369 7912 8080 8672
26 3155 85 5350 5997 7557 9638 4365 3199 4849 8225 1618 9647 3543 3499 698 2643 3481 8719 9629 1022 2989 8521 8255 169 9207 332
26 6517 1466 8838 9674 4041 7703 1666 2811 5613 6976 5683 6395 1601 4270 9598 8566 47 5306 6968 7254 4290 7853 7355 151 4210 4957
24 6525 5452 7484 5638 4375 6040 145 569 2388 7765 1711 2444 3435 9988 5407 9665 8371 7327 1674 4223 9476 797 6518 9394
29 8229 9802 8600 5825 5420 5179 2511 982 9585 3942 1824 5892 7623 8569 583 3726 5821 9532 8614 702 340 4175 6193 9268 6807 5356 867 6866 8786
27 2581 4833 9420 6018 3782 2690 3375 3870 6776 5870 3741 3631 6515 6092 761 1599 9697 4081 4766 1399 3446 4741 3504 9428 296 6227 3993
28 9029 6696 453 5539 7019 7344 8288 3019 7882 3347 5775 300 634 7118 7086 8403 1927 3374 9455 2303 2830 9667 3130 116 1635 7157 9160 5836
30 4194 7986 4535 1602 3691 7067 6037 9932 4337 3142 9281 2254 5129 2414 9815 214 2847 2969 4077 3409 8848 205 674 8262 9516 9788 7196 2510 3805 4161
30 4297 1765 3371 2412 5995 3338 9327 3462 9992 2489 2972 6223 984 9216 3619 6265 2685 1299 573 1944 8282 6245 4292 9181 8641 5106 4148 2825 3500 8842
29 6754 2598 5213 6087 8366 687 3471 378 8750 2744 8347 2047 8258 4527 5971 4275 6844 4476 995 1388 3591 9948 9635 3097 8989 5068 6397 3203 9573
25 4788 2066 3335 6119 3007 9991 5336 1196 2354 0 8075 4639 5641 1093 8239 6650 7474 2435 941 4944 7228 5361 3245 4829 478
29 9684 208 8081 4505 9047 4637 1040 1689 664 6194 7174 841 4042 5575 1901 6969 1058 4712 8560 3475 8806 7789 9600 2475 1140 8677 3010 3874 6885
34 1942 3551 3939 7921 7257 804 1487 7772 7326 1331 1147 2577 1393 1499 8190 1206 4717 3238 5319 4374 4586 7032 1911 951 6030 2456 291 4334 1661 6701 872 1483 2061 8817
28 3353 5633 8257 5966 3673 3086 6414 5509 8031 2637 3588 999 2660 8977 6712 704 6442 4036 8625 6082 1333 5854 3950 445 7692 8032 624 8044
29 2931 3166 545 6323 3636 2879 2166 9779 1011 5513 5764 5634 513 7281 1548 2339 1558 6528 9374 8516 9176 1418 444 1553 980 6933 4510 3967 8551
27 3963 6038 8164 6452 3454 7959 3116 1228 9482 8208 6281 4888 5238 7050 9686 9386 8358 3004 7671 9955 7440 4676 3517 9378 3790 46 9166
27 8701 8894 6415 1645 5777 8219 5657 203 9145 7976 639 5354 2108 9938 2515 1504 5654 6118 1561 5589 2095 1690 5483 9353 7088 3812 2054
30 1436 9427 2285 2470 1186 822 1316 8527 1210 6139 3011 6731 3427 3494 295 5357 3744 6144 8500 6069 398 1406 3779 9453 4379 1966 3640 3437 4814 1249
28 4416 9628 1284 302 4688 8965 6277 1583 528 4504 2465 6868 6424 4124 1154 5514 7787 202 544 4335 8223 3528 3896 6164 8045 4516 8574 4226
26 6710 6199 5668 351 3230 1637 3048 9214 6810 4250 750 1204 2257 1224 5813 2216 7097 3598 8447 6257 2886 6330 928 8897 2218 4037
29 3579 1042 9835 3106 461 8205 2304 365 8427 6503 1526 6444 7817 5076 2954 4288 8910 2265 6769 7288 6882 2239 1421 7264 6513 6775 2595 6500 5576
33 3639 8099 2427 1507 7447 3305 4975 6047 2300 793 1851 7489 4692 960 9508 2732 38 8893 6246 9259 4532 1191 3833 3017 1185 3674 9466 1651 2466 7764 9850 9676 4978
29 4066 1038 3362 6253 5520 7875 3252 2814 5573 4244 2408 2597 52 2951 2057 4471 385 9276 1793 4018 3954 3695 6611 4986 4686 2996 484 3737 5329
32 120 2908 5968 2374 5885 9882 2213 7897 994 2473 7343 8310 8694 4749 5694 9525 6306 9180 4021 6143 2030 3136 7994 814 828 9607 5312 9809 3886 5535 9492 3059
31 2347 9392 8831 5466 1203 9575 8659 3555 9032 268 1339 9163 8029 2767 3590 2614 5105 9606 9996 7446 2890 5588 8014 1574 2172 7965 1910 7186 1097 7843 6068
26 2437 2757 9707 7919 8714 6752 4557 8287 7932 1221 7616 780 1111 948 3234 7880 4860 8346 7924 4017 2443 2812 8857 1542 5024 5541
33 6935 1420 6458 4524 2461 8125 2189 5043 675 6915 9208 6837 9940 9794 5959 4935 6766 2248 7148 1958 5398 7235 2156 6896 5880 6585 3892 8949 2438 1895 5115 9474 3285
27 6975 2984 7649 6153 977 5133 3948 349 7063 556 6545 348 7449 9528 9438 8767 7905 5080 1608 518 3071 835 7139 3062 612 8581 6159
33 9114 3411 1590 4179 4611 9933 2867 7800 3593 3201 7391 9288 8236 8345 6549 2903 2404 2719 1807 949 1407 5046 1864 4700 4563 1455 6779 133 9923 9527 183 3561 6561
23 8580 9342 8336 9487 9582 4721 9558 1859 5114 3235 1955 5969 5747 8426 2052 5738 1350 2533 1311 5876 3000 8739 1709
31 5177 2327 1241 5088 5994 9731 1083 320 6402 1941 9646 7296 3952 5007 4118 4575 2815 8654 4010 7918 7000 2678 2398 8575 3533 4578 8765 6124 1660 2857 7930
27 5379 4408 5400 187 3490 4671 7971 2389 4459 503 6016 2064 260 1344 8420 9820 5486 7600 2822 6198 5774 2760 1442 8012 7517 7730 9112
32 2974 432 9729 1451 2298 3581 5799 6992 5229 114 5158 9987 2806 1027 7023 8274 2978 3096 109 1314 1082 3513 8873 4055 8039 9341 4211 9473 4129 5563 6790 1819
27 3284 5482 790 9568 4885 3625 4964 2572 3161 7191 3624 9831 7375 7049 9844 3310 6238 6421 5409 4319 2650 578 6110 3653 2703 5332 557
29 3487 1977 8587 8166 7308 8416 7370 6694 8810 9063 4502 1620 7660 7543 5136 2924 3249 1865 7844 900 8393 9002 1948 8542 9213 5316 9936 6871 7550
27 4815 2792 2136 104 6378 1886 9963 2284 5348 254 4321 4381 732 4644 3710 7704 6121 2550 4173 5495 7182 229 19 7078 1866 4765 6877
28 9347 2147 3088 5628 7803 146 4898 9785 5032 5334 681 1935 6546 2314 3270 6993 633 4340 2980 9241 8530 7218 7681 6435 2934 9223 7678 2641
26 1596 4907 4795 1176 2331 4954 1136 9305 9728 8146 9323 8904 561 3283 8010 7983 2160 6020 4013 9704 7442 9771 1199 2777 4802 5580
33 9380 7407 5610 7162 3168 5109 6041 9123 1894 2183 7120 8532 4214 3666 4915 3366 1678 6656 9618 7742 50 9254 9387 7132 8596 6445 2264 9272 6534 4019 7581 2735 5399
28 7690 1710 1071 5948 884 7448 695 258 1405 4025 5165 9277 5311 137 7554 4389 800 8934 6026 5749 7339 9935 840 4983 3423 7998 5786 1972
33 1322 9339 7126 8718 4273 9867 7145 8453 788 1734 1712 9594 9202 6588 8629 7783 110 2907 9868 7735 8472 1872 9780 7511 7307 5645 9199 4565 7176 729 8361 1962 2382
23 5110 5521 1878 8259 3687 3050 1779 1177 6908 3045 8984 2525 7455 1441 945 5058 7820 1127 3826 4881 737 8290 8478
27 7427 7987 2020 5736 8693 1281 5401 2956 1211 7303 6216 7399 3608 285 6798 5823 5636 6589 7674 9620 4869 3849 3647 3541 86 7520 8562
27 9480 6596 3795 9651 8993 7113 9810 2315 2446 8382 9022 8882 5503 2965 1968 2464 8789 442 9839 8653 8666 5130 1439 2432 6900 6889 616
26 4812 3663 7634 7400 7418 8758 2118 7667 2579 8896 1425 1802 410 5858 8184 8454 9840 7260 8070 9331 5120 3276 3643 2602 3392 6567
26 9237 6980 3641 5650 6099 7556 7676 1308 1424 5455 9775 6135 7749 6612 6580 6409 4558 1816 3747 2964 2093 9336 7592 8877 7931 9660
28 6677 5811 781 1189 4212 3848 7961 8655 1341 8770 4387 8745 8533 4265 7687 6204 9168 4595 115 700 9792 7990 5381 4239 1873 9340 9264 2975
28 450 9086 2611 2594 1737 6101 776 5141 8781 3117 8250 686 3540 5616 6062 9297 8986 3704 5151 4834 8711 8726 3014 2146 3224 7855 8929 8137
28 4359 9562 856 8937 2011 6682 7020 8628 6466 2780 7504 7181 6006 3697 8215 6998 1496 6302 4982 1540 8761 4579 6977 6849 6209 6804 6120 9637
33 1916 9363 1251 3989 6880 8564 7383 9922 3831 4850 8915 4571 8935 4166 6913 7732 9080 6434 4998 4640 6642 3765 3043 8557 1592 4622 6294 5234 6772 1416 6319 9764 1907
31 2017 3222 8419 3054 2661 7615 5471 920 1187 5849 5926 7200 330 6707 3123 3174 7387 426 3688 7799 7745 773 4362 5863 9084 7707 1989 5756 7384 9451 7936
23 7920 9943 1280 3170 27 7865 9104 619 3545 231 5053 3493 1373 4440 7192 8373 5415 5843 1581 5315 7944 8303 9258
27 2872 9733 7884 514 8 5434 1768 620 324 8201 8724 7869 9736 2870 9613 9479 3013 3328 8087 3149 5184 7879 7199 1450 3137 3822 7655
30 3056 2899 9087 1687 8925 6947 7212 7909 1640 7006 6897 3801 4745 3854 5517 8889 8417 6310 6552 7092 6090 5501 1004 294 2013 6269 8818 9752 885 6085
24 819 722 6688 2947 5275 3727 1448 4755 4732 618 3417 553 6527 5295 8204 2705 5059 983 8529 143 2112 3015 2328 5721
28 2868 9003 6818 6850 7784 196 4884 4996 8461 6242 8881 4740 5044 1992 9929 1460 8906 563 6203 2051 801 3412 9781 8980 5565 6368 805 465
29 8645 2301 2677 6341 8309 342 3635 3665 130 2721 3295 9419 2590 1740 838 9269 5461 3455 610 848 9889 5904 2820 9335 4902 1434 3507 8824 4007
33 6388 9942 4804 5074 1868 5802 7710 4411 3669 1137 5387 6508 1463 3761 4331 3702 1925 5716 5069 4710 7015 267 2417 8240 7891 7807 1444 2219 7794 8747 2001 7523 967
33 199 9713 6840 9167 7580 4552 3040 3503 1390 3354 63 3722 8860 2536 2774 2669 925 1476 9111 7705 4719 2423 1975 1078 4230 8883 1869 5990 2097 3053 4545 4045 8297
36 1230 6576 6243 8475 2468 228 7238 3001 5016 2040 4102 3839 5423 2334 5499 8992 5226 3774 3402 6369 5265 6961 9007 2279 6591 8849 8639 9744 9994 2140 9469 6461 4107 9610 1934 1037
29 5081 5620 2617 7906 7726 7515 1870 4306 5722 8874 2912 3535 4542 8368 7347 831 2085 5197 7365 6729 6740 5839 5262 508 6867 7768 305 5803 7362
29 5206 7083 8261 5424 7717 1937 7901 7873 4789 8413 132 8379 9061 2570 3799 1511 4189 3361 8733 3312 1161 4125 2357 9458 568 3416 2546 1096 7251
26 5025 5559 1166 5440 576 8095 9239 2091 9848 7363 4438 9433 5782 1115 4167 4274 3997 159 3345 1537 2656 6305 8232 6314 6025 8487
27 668 9703 9365 3871 6163 9649 9803 2083 2928 2763 1750 8069 51 6140 8380 4764 5131 7831 8802 6104 3838 1834 2223 492 7389 3105 2796
27 4320 2942 174 419 6887 1551 1403 3783 4989 2425 4002 9286 5564 8004 8399 9021 3864 1120 3399 9447 7329 3638 5168 7828 5678 9006 2044
27 7534 1530 1326 4181 9906 8241 3432 8676 5653 4938 3342 67 2022 5378 8112 9144 1698 7166 5272 5392 1564 8879 7243 7573 6750 4487 36
30 1668 2638 9870 6942 3407 8793 2692 3951 2336 9997 454 5989 6021 3928 3988 3751 756 135 3212 6765 3092 8753 4478 9478 1351 1440 4528 2142 69 3122
31 1562 4873 190 7867 4351 8126 1991 5198 647 4679 6792 3458 7700 9349 7569 9273 2402 1929 8508 8598 397 769 7725 9786 2864 7184 7315 5205 5022 1295 3272
21 1749 8702 614 7056 8662 996 7589 6044 8952 6845 3853 598 2696 8621 1415 5961 997 965 180 3920 2895
30 2520 4058 9050 370 4678 1736 4554 2689 7766 9896 9750 3367 1327 1597 4451 1053 755 6959 3498 9240 5899 6403 3207 2670 150 448 7837 8974 8034 7741
32 5199 2411 5529 9212 3139 6695 6838 1741 9738 9053 9120 645 2620 257 9313 4444 9499 4213 5299 5685 5758 9070 3390 8291 1148 8136 9400 6715 5837 352 8479 350
26 6699 4903 5239 2623 8943 5057 9654 4616 2722 3104 6854 6455 1134 1282 460 353 9540 8459 3781 5505 362 166 4894 9408 934 9858
27 207 748 4601 6962 7434 8768 1329 5119 2526 9062 6228 6603 3291 958 2479 1965 931 4479 4368 7832 1882 5773 9391 3112 7939 1898 1101
23 1454 754 9593 9939 9745 9795 7419 2373 9791 7801 6221 1337 3955 9636 9506 197 2990 43 2041 1739 2723 7563 7061
30 7001 5976 8613 7144 8633 6749 760 2481 5847 9470 3550 3307 2063 246 1518 1246 1193 2563 9827 3574 2905 6768 9801 9584 9127 2222 3430 5373 8540 1785
32 8328 1122 4291 4117 1180 7886 4852 1527 5548 8209 2816 1145 9265 6948 6391 3309 6559 5720 6436 5743 2957 5643 417 9027 5557 9926 9066 3247 5056 1837 6451 3707
27 7064 1398 5771 4913 3719 985 1486 2586 3766 1273 8772 5050 8192 4111 5945 2949 6411 844 8049 9886 3628 3680 7471 2998 8048 9132 2727
30 186 9366 5946 5662 1160 5916 8391 5333 7402 62 9344 2482 2786 7577 2202 9037 9375 8504 241 3093 1654 5687 5525 2768 2875 3712 1194 894 5475 2454
29 288 3445 6463 198 7215 8055 6278 1853 9039 1469 2534 9502 9310 3915 2558 4909 4891 6965 8017 9463 9448 6678 8385 7579 5528 1259 33 7933 6172
30 2035 1735 558 7751 6824 2119 6468 9364 3076 9179 5118 5337 5710 1959 7150 7713 4216 9416 4868 8281 6496 4247 4038 8578 219 1921 6112 5886 3644 8162
33 4976 2191 4933 2988 8651 6922 6357 1805 4666 3796 2644 4449 6170 7720 9980 2483 5889 7076 6540 9435 6345 7255 4101 8586 821 907 3763 8668 8147 2186 9306 1664 2194
32 6483 5015 3118 7564 1005 4835 9271 5255 376 1131 1746 2785 8036 4566 6619 683 2900 5708 7416 9019 4643 2207 4431 9034 5642 7220 7619 8615 4619 9443 5124 8296
31 8067 6618 9893 2472 9134 824 9475 717 2247 981 3773 9774 8671 8333 9661 1188 8134 9672 8221 9579 803 387 7991 4231 5712 9621 9020 7141 5819 2010 3127
30 7227 4951 8545 6405 9880 666 142 3260 1594 1846 1954 6192 9639 9679 4197 7754 6282 8604 652 1362 6276 6909 5203 9599 3609 7621 1917 2920 6202 2452
30 2648 4068 917 2716 5163 2871 4367 1012 1315 5546 8539 4797 7412 4388 4762 8060 1578 4371 4612 2589 1855 7602 5150 3818 6820 4046 5410 9787 9507 663
28 3496 9912 1018 488 9898 9 3041 791 644 8538 3273 7121 6311 7604 808 2014 3956 3031 3322 487 658 9751 7733 213 1435 1573 7304 6182
29 5171 4803 4385 5988 3194 164 1767 6930 5895 6308 430 8400 2144 7397 8599 724 2460 1309 9356 3257 6059 7316 7947 4441 9304 3682 3133 3539 9294
33 5216 2361 5062 4097 2936 3617 8119 1490 6826 8470 5835 4452 165 5188 4876 5709 4593 5763 3359 5553 2376 7457 1890 6095 7922 6393 6051 1066 3460 4798 534 8130 3820
31 9512 4086 728 2238 7142 1510 3938 2504 2243 5765 2651 5233 3197 3400 8144 4977 234 5542 118 5787 4208 3239 3162 9675 6348 3314 8301 2442 4145 5263 2368
26 5061 1132 8638 6073 4004 3333 9354 3042 5809 4696 6812 5281 2963 9972 4227 6971 946 1354 9333 4413 8559 4295 6828 1899 966 7233
29 6117 4259 9918 6905 9592 6760 9747 182 7547 7325 7999 9150 7463 5268 8944 5235 9041 4877 1492 6335 1091 6532 6473 4353 2664 5571 3918 5217 5851
29 8763 4861 8523 2832 8736 1667 1505 3772 6494 7759 640 7301 1244 3267 7509 4801 2352 9028 7025 297 200 3271 6799 9165 9424 9224 5829 4391 5522
26 6548 6072 1290 4966 3753 6739 3198 7385 7605 8534 172 881 6259 8193 4709 875 2272 2228 8815 1913 437 8840 9659 1552 6955 3855
26 9536 6652 2324 5365 424 4183 942 7750 9190 9986 4398 1547 2552 5003 6991 6127 3912 507 4965 1239 5808 1100 6178 5292 4875 7035
32 316 2168 3844 374 5878 6183 2037 9412 6574 519 7908 3875 8717 7723 1758 2340 7858 9325 6714 2177 4120 7503 5550 7770 3652 2616 6605 7889 9553 4406 7366 3586
28 8339 2783 4604 7954 7839 1829 740 1417 7790 9603 7490 2227 8468 6450 6332 9995 601 5033 9188 825 5243 4490 1978 32 40 5929 3240 5707
29 2379 8138 1569 5591 4658 1665 2065 5757 1491 2358 9990 8656 7958 7475 1733 414 4348 9085 6649 1197 3827 6129 2478 4515 6419 2296 8821 498 7040
30 6747 1016 4779 9876 4773 6657 7185 496 4753 6052 5783 1020 9633 9317 665 1761 3486 9185 8716 3658 6789 8334 8851 2635 648 8972 659 9678 9413 7386
31 7473 4282 764 6010 1881 2862 3033 8547 3649 9291 9843 1156 5882 1167 6964 2293 2712 9105 8570 1389 7074 1998 3830 7417 590 4883 9957 9711 5045 4131 1748
33 8734 1686 8275 5861 5492 5972 5293 4610 9947 3044 458 1976 5212 2701 5884 7546 975 1426 2043 7226 826 915 2911 3422 5954 7247 9461 7658 9720 4296 2335 6967 7836
27 2992 529 9790 5631 4805 8020 1348 6827 3221 5078 629 5568 2349 7388 18 1070 1084 8876 3195 7423 6079 944 2036 662 3232 5366 1696
30 5619 8220 953 5828 5624 3794 9153 2970 4784 3925 2231 4176 3587 9395 1141 2524 6299 9853 408 7029 9421 6244 2596 2492 9008 436 2772 9524 9471 7129
33 8755 3441 3289 3457 4544 6487 8899 3627 7796 950 8248 6950 2845 9243 5656 959 1360 3037 8957 3642 8864 1152 3943 14 1105 9398 7351 6207 6347 1719 9878 940 4655
28 2826 2607 4743 649 6793 170 7861 6663 3051 4969 9328 2753 9030 4150 7252 5279 2098 7663 5323 3891 2120 9450 4836 482 9109 6703 321 1600
27 2736 441 3459 5326 3176 6046 7682 2260 5554 6581 5855 162 4794 3784 8835 8764 6462 7472 4855 4149 3216 3858 6737 318 6988 3958 4656
25 9018 2129 4921 4778 6103 6516 6050 7047 7104 806 2175 5369 9152 9830 7849 2048 7629 8018 2874 5871 3709 832 2485 5523 2370
26 3906 3592 3089 5586 5291 3495 3721 3842 2137 9732 1863 952 1933 8408 3188 6999 6004 5627 2346 152 5487 4634 2766 2808 6322 5467
29 2099 298 3832 8354 8916 9151 5869 4959 1057 8187 3560 3299 6084 206 7988 2632 8307 3261 4314 3202 7627 4450 1301 4828 1589 5166 8367 1857 8729
28 5952 3298 6361 4152 1744 6132 653 2033 4289 1677 7036 2459 7177 4481 6470 5194 5566 9681 6803 7322 1773 6906 7943 1535 3297 9143 2794 3934
24 7948 759 2419 7567 8293 1904 6296 6000 9405 560 5138 5274 4084 5906 2740 5481 1231 2882 1432 6338 6778 4271 716 4052
28 4718 5301 2941 1365 499 2070 6653 7369 2683 2163 2440 1376 7722 7165 2646 5459 723 564 1007 7413 6318 1117 6001 8816 8947 2356 8335 8854
24 5536 2795 3711 854 8616 6431 9100 194 2694 1763 1049 467 6717 8769 7310 1598 9222 5095 1840 2541 6381 5810 97 7683
27 4832 2799 611 4033 893 7739 9917 6460 8699 4659 8115 4112 6252 6879 7697 6681 749 4596 3656 6098 1832 6039 4354 2501 4770 7271 3246
28 9890 2148 4620 5317 9873 3208 5569 427 2055 1306 5751 1296 4559 5970 4705 1470 7669 6425 3705 3758 5456 1498 1617 3256 859 3580 1461 9664
30 1178 543 5103 10 6481 1839 9263 7941 3703 8632 2139 4889 2226 4538 4087 5940 4412 7812 107 315 2124 2849 3678 8554 6343 1401 3800 3729 9666 4342
29 7106 1229 8009 6480 5612 5340 7555 595 6937 3153 8327 2553 468 1359 452 7038 3020 1464 7809 2205 4156 8940 5693 8496 176 1288 124 6293 7395
30 9808 4420 2132 7643 1235 7349 9683 1253 2433 5730 4228 3018 4404 6825 8040 7079 8348 4553 3380 6597 6783 372 9767 5778 2152 126 3564 9799 5670 4934
27 3576 2246 2917 2662 8678 6756 9877 2211 3724 4063 193 525 7279 4547 3527 7033 4530 7469 6858 3607 6214 9859 4059 7493 1842 5931 5745
37 7934 7761 4681 6093 5938 4078 1627 2477 2019 1563 4322 4135 6105 5958 3225 1503 1646 546 6894 5303 5543 9119 3872 7378 9124 6096 1334 6758 1219 4498 7051 403 8210 8178 2320 5248 9655
26 8065 9619 3519 5987 4400 6954 1250 5853 2021 4095 5680 1656 438 8902 6584 7574 4000 7105 9040 1182 8474 855 3835 4738 9825 2273
26 45 2159 1102 4480 878 3277 1153 2846 926 1216 9869 7974 6822 8386 4760 7099 3340 7795 2018 9274 5560 5556 4811 869 7650 6899
26 7662 5826 7545 8103 3876 1275 1772 2182 1262 7721 4648 6174 5660 7779 3466 8754 555 8931 9303 571 4642 2332 7913 2268 8898 9054
29 8670 7332 9493 5930 7270 7409 4848 2407 5134 2535 5288 6648 6289 3219 8277 8859 7699 6761 73 304 4114 9092 4096 4900 9560 9529 5581 9921 3196
27 7284 8597 6639 9721 1636 5092 4606 3714 4454 4587 9431 6133 8774 883 6617 6700 5433 8829 1685 5223 4433 9231 416 4562 2232 4123 3731
24 4529 2909 3532 6007 7221 4383 3575 4560 9760 5185 1155 8000 6683 1751 2681 5587 3002 8313 4865 1784 12 7451 5037 3098
31 7675 1328 5545 2854 1858 6888 3909 8249 2793 582 5850 6333 171 9301 4684 1909 3836 7610 6048 4618 3332 6741 2422 9826 7914 1681 9759 1445 5785 9761 3757
28 7975 8643 3692 6398 3994 7949 1663 5949 7508 8775 718 5844 2981 943 7516 2537 6843 7512 4262 8556 1475 3797 6860 4039 7161 1217 8435 9009
24 4088 9814 2193 5087 7995 9866 5967 5201 7491 4196 5241 4380 6594 8690 3512 6254 7505 5449 6713 5524 3126 4892 3377 8226
31 3615 3922 240 2591 8431 2078 5040 2024 509 1798 812 4629 6485 1162 6013 8066 594 5794 6547 5750 4879 9158 4094 8451 1820 7916 3921 412 2745 5260 2151
33 6903 3419 7842 6708 9170 247 3183 8019 1912 6628 1283 3143 8704 3124 8692 1069 3211 2769 815 1849 245 6399 9699 8705 6005 4750 4343 8149 3172 494 4723 6693 1825
30 5875 8852 216 6520 2403 2827 9716 7432 6177 2609 9275 9074 6841 3857 8722 4663 6764 7852 3845 5413 3868 770 5943 9554 3926 1449 280 6949 7903 9852
29 9812 9953 2015 175 7353 9426 5834 6869 6630 7477 6156 4736 1338 5341 3254 7467 7234 266 954 3861 9346 1208 5000 6904 5617 2056 6063 4269 8836
29 2436 8395 7830 6313 1087 8698 6797 7318 329 9708 8939 572 7483 7871 8998 6176 2865 7603 8942 4309 4026 7900 603 8105 8798 9315 1471 7376 4466
28 4054 9329 6272 41 9081 48 4394 2923 9407 3303 6659 891 9372 6486 1387 5338 249 3713 2888 741 2338 6362 8464 8649 8073 6719 4136 586
27 361 1391 5309 276 5048 4349 4807 6196 6863 4591 8695 8357 4970 6519 4660 5346 1237 5894 6923 1691 4628 8973 1268 709 5706 1757 8967
26 1718 6320 2542 103 3226 8795 2115 9910 8647 4597 5443 9952 4397 5717 5807 8053 3923 1626 6155 189 5867 1963 9505 9064 4930 743
25 1875 3651 7953 9219 72 9410 2154 6027 5681 2668 2497 4445 4253 9680 3556 7172 1021 4739 8483 8938 9178 3755 2583 7094 6990
28 5507 2145 3075 4821 8909 638 3525 8174 3762 8424 1113 6706 9481 2837 8082 9789 3302 1697 2506 3243 9322 5005 5917 1481 4241 9075 323 7923
26 9930 8780 8194 7263 3654 8302 7611 9535 5210 7095 9950 5282 5382 3509 7845 7773 5343 7552 6924 1075 8697 9414 5866 4972 7598 1990
33 369 8503 930 7926 3039 7396 4781 177 443 3205 333 6535 1036 5652 3699 6113 6493 2486 4177 2841 2674 2397 5222 778 5011 9894 6258 8376 309 9130 1149 5925 5936
29 4670 3213 4373 9060 3200 4862 6011 8423 7087 4486 521 7098 871 5792 5611 8455 9172 2929 5132 6675 3977 4733 9630 2396 6724 9183 1488 149 6115
30 6932 2292 3650 696 6376 6777 3251 9538 3079 1672 5761 5189 9741 9946 8253 6602 4151 9793 8411 4418 6012 3159 5953 7335 630 3785 6644 1980 1823 5010
28 6568 9406 8227 7962 500 462 6940 223 1293 3363 6279 7275 4645 3992 1506 6443 1031 7268 3701 8485 1394 59 3160 5755 2714 4720 6475 2250
28 6856 4971 5890 2084 8710 2749 5242 6070 9182 8884 4014 5154 5494 888 9951 1755 1135 7492 4305 2087 8623 7729 1109 7021 1822 1159 5231 5473
28 7625 7269 3410 2275 2448 6083 8231 2244 2005 2819 5872 6181 7127 4281 3859 9174 8706 6735 3723 3397 3505 106 4005 6359 6474 3901 1384 5412
29 2276 9432 7414 642 3683 3469 1676 2069 2424 9727 5186 6698 6017 5175 9071 4928 4675 8975 6066 8715 5209 8172 7152 7590 2554 3882 1826 8506 256
24 8243 3288 4727 8751 5726 3378 9695 4895 4315 2776 9653 8203 3148 4258 8792 3497 3887 3810 6781 4654 6813 8122 1003 4968
28 301 4140 3313 7715 9094 1647 5169 9587 947 6524 6180 3976 8830 9192 4844 8163 8131 9596 4285 5297 5820 2430 2400 8783 3972 6774 5249 9920
31 4067 8180 8791 8422 4729 2383 7888 3108 7816 7881 9571 1200 3633 9045 7170 9013 3776 4497 6043 9234 7073 4238 3904 5142 210 3616 5504 5094 7825 6945 530
28 5913 5838 6134 5533 310 1715 5437 3520 1267 4916 7558 3324 3803 2733 6638 2406 4202 9367 7313 3279 1658 6307 2280 270 5224 6033 6941 7895
26 2839 3767 1297 8602 9758 3263 2848 5639 2206 4556 7782 7668 5086 6666 3049 9601 8331 5117 4448 9484 9049 6920 8409 5791 3660 6315
34 3534 9609 8584 4748 9915 5608 3357 1843 1030 581 6627 2179 28 1649 9725 9762 312 9909 7217 9611 1123 7818 1568 5321 2790 9350 6166 2214 5979 1923 248 9097 3622 3034
33 8620 6960 8123 9137 852 2494 7292 3476 7052 6235 775 8022 9757 1345 2127 390 4218 491 2418 344 5149 1812 2287 2578 5225 1906 8079 3623 5160 2935 4592 141 7108
30 354 9253 4044 2495 6914 9999 7209 1412 908 1611 9687 9052 2281 6898 9565 6222 1222 3066 2387 5779 5036 6211 3217 334 1039 1703 1521 1738 2195 6759
31 4350 4842 2415 7693 7638 2342 6003 7917 5822 5145 3485 6857 8955 8436 8488 4871 9459 3964 7792 3321 6664 1524 3646 2220 3582 251 7116 9496 1056 8037 5111